Semestre-6/Computacion_y_analisis_de_datos_geofisicos/1.1Matlab/Bases de Datos/dln001.cnv
* Sea-Bird SBE 9 Data File:
* FileName = C:\sogom02\Datos\F1.hex
* Software Version Seasave V 7.25.0.151
* Temperature SN = 4914
* Conductivity SN = 4390
* Number of Bytes Per Scan = 31
* Number of Voltage Words = 4
* Number of Scans Averaged by the Deck Unit = 1
* NMEA Latitude = 23 59.61 N
* NMEA Longitude = 097 32.01 W
* NMEA UTC (Time) = Sep 29 2016  17:38:29
* NMEA baud rate = 4800
** B/O JUSTO SIERRA
** Estación: F1
** Lance: ln001
** Fecha y hora de arribo: 29092016
** Latitud (ºN): 2379.6616
** Longitud (ºW): 9732.0073
** Prof. Ecosonda (m): 44
** Operador: Emmanuel
# nquan = 15
# nvalues = 36                          
# units = specified
# name 0 = prDM: Pressure, Digiquartz [db]
# name 1 = t090C: Temperature [ITS-90, deg C]
# name 2 = c0mS/cm: Conductivity [mS/cm]
# name 3 = sbeox0V: Oxygen raw, SBE 43 [V]
# name 4 = flSP: Fluorescence, Seapoint
# name 5 = altM: Altimeter [m]
# name 6 = latitude: Latitude [deg]
# name 7 = longitude: Longitude [deg]
# name 8 = gsw_saA0: Absolute Salinity [g/kg]
# name 9 = gsw_densityA0: density, TEOS-10 [density, kg/m^3]
# name 10 = sal00: Salinity, Practical [PSU]
# name 11 = sigma-é00: Density [sigma-theta, kg/m^3]
# name 12 = depSM: Depth [salt water, m], lat = 23.9935
# name 13 = sbeox0ML/L: Oxygen, SBE 43 [ml/l], WS = 2
# name 14 = flag: flag
# span 0 =      5.032,     40.260       
# span 1 =    29.3093,    29.3832       
# span 2 =  59.398345,  59.577891       
# span 3 =     2.4020,     2.4444       
# span 4 = 2.9048e-01, 5.9904e-01       
# span 5 =       8.86,      41.36       
# span 6 =   23.99211,   23.99338       
# span 7 =  -97.53379,  -97.53360       
# span 8 =    36.3899,    36.4631       
# span 9 =  1022.8982,  1023.0910       
# span 10 =    36.2189,    36.2917      
# span 11 =    22.8733,    22.9220      
# span 12 =      5.000,     40.000      
# span 13 =     3.1927,     3.2614      
# span 14 = 0.0000e+00, 0.0000e+00      
# interval = meters: 1                  
# start_time = Sep 29 2016 17:38:29 [NMEA time, header]
# bad_flag = -9.990e-29
*END*
      5.032    29.3093  59.398345     2.4381 2.9668e-01      34.42   23.99338  -97.53360    36.3911  1022.8982    36.2201    22.8767      5.000     3.2478 0.0000e+00
      6.039    29.3129  59.401639     2.4404 2.9048e-01      41.36   23.99320  -97.53362    36.3903  1022.9007    36.2193    22.8751      6.000     3.2519 0.0000e+00
      7.045    29.3195  59.410235     2.4401 2.9666e-01      41.14   23.99318  -97.53362    36.3909  1022.9032    36.2199    22.8733      7.000     3.2531 0.0000e+00
      8.051    29.3144  59.405210     2.4419 3.2517e-01      40.25   23.99317  -97.53362    36.3910  1022.9093    36.2200    22.8752      8.000     3.2564 0.0000e+00
      9.058    29.3118  59.403116     2.4444 3.0497e-01      39.31   23.99316  -97.53362    36.3913  1022.9147    36.2202    22.8764      9.000     3.2614 0.0000e+00
     10.064    29.3106  59.400259     2.4418 3.0895e-01      38.31   23.99315  -97.53363    36.3899  1022.9183    36.2189    22.8758     10.000     3.2531 0.0000e+00
     11.071    29.3125  59.404264     2.4393 3.0071e-01      37.37   23.99314  -97.53364    36.3909  1022.9228    36.2199    22.8761     11.000     3.2514 0.0000e+00
     12.077    29.3141  59.407251     2.4390 3.3054e-01      36.33   23.99313  -97.53364    36.3915  1022.9269    36.2204    22.8760     12.000     3.2522 0.0000e+00
     13.084    29.3166  59.411967     2.4409 3.6352e-01      35.45   23.99312  -97.53364    36.3925  1022.9312    36.2215    22.8760     13.000     3.2564 0.0000e+00
     14.090    29.3112  59.404414     2.4412 3.4055e-01      34.44   23.99311  -97.53364    36.3911  1022.9362    36.2201    22.8769     14.000     3.2572 0.0000e+00
     15.097    29.3178  59.416694     2.4405 3.6682e-01      33.49   23.99310  -97.53364    36.3943  1022.9406    36.2232    22.8771     15.000     3.2537 0.0000e+00
     16.103    29.3157  59.413904     2.4384 3.8953e-01      32.52   23.99310  -97.53364    36.3936  1022.9452    36.2226    22.8774     16.000     3.2496 0.0000e+00
     17.110    29.3221  59.424260     2.4380 3.6062e-01      31.49   23.99308  -97.53364    36.3957  1022.9488    36.2246    22.8769     17.000     3.2534 0.0000e+00
     18.116    29.3205  59.421298     2.4389 3.5138e-01      30.54   23.99308  -97.53364    36.3945  1022.9529    36.2235    22.8766     18.000     3.2537 0.0000e+00
     19.123    29.3446  59.464037     2.4381 3.7894e-01      29.58   23.99306  -97.53364    36.4055  1022.9572    36.2344    22.8768     19.000     3.2501 0.0000e+00
     20.129    29.3551  59.484791     2.4392 4.0083e-01      28.61   23.99306  -97.53364    36.4115  1022.9624    36.2404    22.8778     20.000     3.2520 0.0000e+00
     21.136    29.3599  59.494976     2.4363 3.7891e-01      27.65   23.99305  -97.53364    36.4146  1022.9674    36.2435    22.8786     21.000     3.2468 0.0000e+00
     22.142    29.3611  59.497769     2.4345 3.8963e-01      26.67   23.99304  -97.53364    36.4153  1022.9718    36.2442    22.8788     22.000     3.2420 0.0000e+00
     23.149    29.3646  59.504677     2.4349 3.9952e-01      25.65   23.99303  -97.53364    36.4172  1022.9763    36.2460    22.8790     23.000     3.2465 0.0000e+00
     24.155    29.3671  59.511058     2.4331 4.0113e-01      24.74   23.99302  -97.53364    36.4194  1022.9814    36.2482    22.8799     24.000     3.2411 0.0000e+00
     25.162    29.3727  59.523083     2.4336 3.9467e-01      23.67   23.99301  -97.53364    36.4232  1022.9866    36.2520    22.8809     25.000     3.2430 0.0000e+00
     26.168    29.3733  59.524762     2.4308 3.8929e-01      22.79   23.99300  -97.53364    36.4236  1022.9910    36.2523    22.8811     26.000     3.2362 0.0000e+00
     27.175    29.3761  59.531005     2.4302 4.0198e-01      21.83   23.99299  -97.53364    36.4255  1022.9958    36.2543    22.8817     27.000     3.2373 0.0000e+00
     28.181    29.3777  59.535760     2.4292 3.8797e-01      20.72   23.99298  -97.53364    36.4272  1023.0008    36.2560    22.8825     28.000     3.2346 0.0000e+00
     29.188    29.3832  59.565639     2.4269 3.9441e-01      19.96   23.99297  -97.53364    36.4434  1023.0153    36.2721    22.8928     29.000     3.2308 0.0000e+00
     30.194    29.3807  59.574424     2.4238 5.9904e-01      18.80   23.99296  -97.53364    36.4511  1023.0263    36.2798    22.8995     30.000     3.2242 0.0000e+00
     31.201    29.3625  59.564783     2.4225 4.5722e-01      17.91   23.99294  -97.53364    36.4580  1023.0418    36.2866    22.9108     31.000     3.2241 0.0000e+00
     32.207    29.3634  59.569477     2.4158 4.8641e-01      16.91   23.99294  -97.53366    36.4602  1023.0475    36.2888    22.9123     32.000     3.2083 0.0000e+00
     33.214    29.3676  59.576026     2.4125 5.4364e-01      15.88   23.99293  -97.53366    36.4613  1023.0512    36.2899    22.9118     33.000     3.2078 0.0000e+00
     34.221    29.3661  59.575884     2.4118 5.1021e-01      15.00   23.99292  -97.53366    36.4621  1023.0566    36.2906    22.9129     34.000     3.2071 0.0000e+00
     35.227    29.3665  59.577340     2.4114 5.1963e-01      13.95   23.99291  -97.53366    36.4624  1023.0610    36.2910    22.9132     35.000     3.2072 0.0000e+00
     36.234    29.3672  59.577891     2.4106 5.1948e-01      13.02   23.99290  -97.53366    36.4620  1023.0648    36.2906    22.9127     36.000     3.2045 0.0000e+00
     37.240    29.3618  59.573985     2.4092 5.8493e-01      12.02   23.99288  -97.53366    36.4631  1023.0717    36.2917    22.9154     37.000     3.2012 0.0000e+00
     38.247    29.3417  59.546988     2.4048 5.1963e-01      11.04   23.99288  -97.53366    36.4594  1023.0800    36.2880    22.9196     38.000     3.1970 0.0000e+00
     39.253    29.3421  59.547662     2.4020 5.5380e-01       9.86   23.99284  -97.53367    36.4593  1023.0841    36.2878    22.9194     39.000     3.1927 0.0000e+00
     40.260    29.3193  59.513024     2.4021 5.2719e-01       8.86   23.99211  -97.53379    36.4524  1023.0910    36.2810    22.9220     40.000     3.1959 0.0000e+00
