Semestre-6/Computacion_y_analisis_de_datos_geofisicos/1.1Matlab/Bases de Datos/dln002.cnv
* Sea-Bird SBE 9 Data File:
* FileName = C:\sogom02\Datos\F2.hex
* Software Version Seasave V 7.25.0.151
* Temperature SN = 4914
* Conductivity SN = 4390
* Number of Bytes Per Scan = 31
* Number of Voltage Words = 4
* Number of Scans Averaged by the Deck Unit = 1
* NMEA Latitude = 24 00.05 N
* NMEA Longitude = 097 18.48 W
* NMEA UTC (Time) = Sep 29 2016  22:04:52
* NMEA baud rate = 4800
** B/O JUSTO SIERRA justo sierra
** Estación: F2
** Lance: lnoo2
** Fecha y hora de arribo: 290916
** Latitud (ºN): 2359.9975
** Longitud (ºW): 9718.3600
** Prof. Ecosonda (m): 88.9
** Operador: Emmanuel
# nquan = 15
# nvalues = 85                          
# units = specified
# name 0 = prDM: Pressure, Digiquartz [db]
# name 1 = t090C: Temperature [ITS-90, deg C]
# name 2 = c0mS/cm: Conductivity [mS/cm]
# name 3 = sbeox0V: Oxygen raw, SBE 43 [V]
# name 4 = flSP: Fluorescence, Seapoint
# name 5 = altM: Altimeter [m]
# name 6 = latitude: Latitude [deg]
# name 7 = longitude: Longitude [deg]
# name 8 = gsw_saA0: Absolute Salinity [g/kg]
# name 9 = gsw_densityA0: density, TEOS-10 [density, kg/m^3]
# name 10 = sal00: Salinity, Practical [PSU]
# name 11 = sigma-é00: Density [sigma-theta, kg/m^3]
# name 12 = depSM: Depth [salt water, m], lat = 24.0008
# name 13 = sbeox0ML/L: Oxygen, SBE 43 [ml/l], WS = 2
# name 14 = flag: flag
# span 0 =      1.006,     85.562       
# span 1 =    23.0333,    29.2208       
# span 2 =  41.465153,  59.319250       
# span 3 =     1.6198,     2.7338       
# span 4 = 2.0801e-01, 1.1416e+00       
# span 5 =       8.57,      99.27       
# span 6 =   24.00098,   24.00142       
# span 7 =  -97.30990,  -97.30894       
# span 8 =    24.5216,    36.6026       
# span 9 =  1014.1341,  1025.3722       
# span 10 =    24.4063,    36.4305      
# span 11 =    14.1172,    25.0046      
# span 12 =      1.000,     85.000      
# span 13 =     2.0624,     3.8329      
# span 14 = 0.0000e+00, 0.0000e+00      
# interval = meters: 1                  
# start_time = Sep 29 2016 22:04:52 [NMEA time, header]
# bad_flag = -9.990e-29
*END*
      1.006    29.0356  58.501926     2.6701 2.0920e-01      98.89   24.00098  -97.30894    35.9704  1022.6583    35.8014    22.6535      1.000     3.8329 0.0000e+00
      2.013    29.0726  54.855606     2.7338 2.0818e-01      98.89   24.00098  -97.30895    33.5207  1020.8268    33.3632    20.8179      2.000     3.6399 0.0000e+00
      3.019    29.0451  53.771478     1.8735 2.2008e-01      98.89   24.00104  -97.30910    32.8114  1020.3117    32.6572    20.2985      3.000     2.2776 0.0000e+00
      4.026    29.0617  41.465153     1.6198 2.0801e-01      98.90   24.00110  -97.30925    24.5216  1014.1341    24.4063    14.1172      4.000     2.0624 0.0000e+00
      5.032    29.1774  58.725567     1.8966 2.4136e-01      98.89   24.00111  -97.30926    36.0236  1022.6680    35.8543    22.6464      5.000     2.5210 0.0000e+00
      6.039    29.1866  58.955694     2.0158 2.2682e-01      98.89   24.00112  -97.30926    36.1773  1022.7842    36.0073    22.7584      6.000     2.5341 0.0000e+00
      7.045    29.1786  59.125139     2.0346 2.4835e-01      98.90   24.00112  -97.30926    36.3005  1022.8833    36.1299    22.8533      7.000     2.6789 0.0000e+00
      8.051    29.1767  59.170267     2.2800 2.5034e-01      98.90   24.00112  -97.30926    36.3329  1022.9124    36.1622    22.8782      8.000     3.2274 0.0000e+00
      9.058    29.1786  59.175683     2.4042 2.5999e-01      98.91   24.00112  -97.30926    36.3350  1022.9176    36.1642    22.8792      9.000     3.2714 0.0000e+00
     10.064    29.1788  59.178899     2.4436 2.5811e-01      98.90   24.00112  -97.30928    36.3367  1022.9231    36.1659    22.8805     10.000     3.2884 0.0000e+00
     11.071    29.1788  59.180421     2.4573 2.5751e-01      98.90   24.00112  -97.30928    36.3375  1022.9280    36.1667    22.8812     11.000     3.3025 0.0000e+00
     12.077    29.1814  59.186652     2.4635 2.7197e-01      98.90   24.00112  -97.30928    36.3395  1022.9329    36.1687    22.8819     12.000     3.3108 0.0000e+00
     13.084    29.1802  59.186208     2.4684 2.8967e-01      98.90   24.00114  -97.30930    36.3398  1022.9379    36.1690    22.8826     13.000     3.3154 0.0000e+00
     14.090    29.1749  59.178683     2.4705 2.8196e-01      98.90   24.00114  -97.30930    36.3384  1022.9429    36.1676    22.8834     14.000     3.3206 0.0000e+00
     15.097    29.1737  59.178054     2.4713 2.8086e-01      98.90   24.00114  -97.30930    36.3385  1022.9477    36.1677    22.8840     15.000     3.3184 0.0000e+00
     16.103    29.1750  59.182049     2.4696 2.8945e-01      92.80   24.00114  -97.30930    36.3400  1022.9526    36.1692    22.8848     16.000     3.3178 0.0000e+00
     17.110    29.1778  59.188496     2.4711 2.8199e-01      98.78   24.00114  -97.30931    36.3420  1022.9575    36.1712    22.8854     17.000     3.3216 0.0000e+00
     18.116    29.1840  59.200669     2.4738 2.9309e-01      98.90   24.00114  -97.30932    36.3455  1022.9623    36.1747    22.8860     18.000     3.3248 0.0000e+00
     19.123    29.1851  59.203597     2.4713 2.9774e-01      98.90   24.00114  -97.30932    36.3463  1022.9669    36.1755    22.8864     19.000     3.3204 0.0000e+00
     20.129    29.1864  59.206931     2.4735 3.0334e-01      59.47   24.00115  -97.30932    36.3473  1022.9715    36.1765    22.8868     20.000     3.3276 0.0000e+00
     21.136    29.1899  59.215205     2.4760 3.1045e-01      98.71   24.00116  -97.30933    36.3501  1022.9767    36.1793    22.8877     21.000     3.3290 0.0000e+00
     22.142    29.1976  59.232968     2.4730 3.2280e-01      98.90   24.00116  -97.30934    36.3563  1022.9831    36.1855    22.8899     22.000     3.3209 0.0000e+00
     23.149    29.2060  59.253596     2.4730 3.4121e-01      98.90   24.00116  -97.30934    36.3639  1022.9902    36.1930    22.8928     23.000     3.3253 0.0000e+00
     24.155    29.2113  59.269034     2.4748 3.7803e-01      98.91   24.00116  -97.30935    36.3703  1022.9974    36.1993    22.8958     24.000     3.3287 0.0000e+00
     25.162    29.2190  59.294055     2.4762 3.8164e-01      98.91   24.00116  -97.30936    36.3815  1023.0075    36.2105    22.9017     25.000     3.3300 0.0000e+00
     26.168    29.2206  59.305146     2.4774 4.1447e-01      98.90   24.00116  -97.30936    36.3877  1023.0159    36.2166    22.9058     26.000     3.3331 0.0000e+00
     27.175    29.2208  59.310376     2.4763 4.1088e-01      98.91   24.00117  -97.30936    36.3908  1023.0225    36.2198    22.9082     27.000     3.3280 0.0000e+00
     28.181    29.2094  59.294924     2.4759 4.2495e-01      98.89   24.00118  -97.30936    36.3886  1023.0289    36.2175    22.9104     28.000     3.3322 0.0000e+00
     29.188    29.2005  59.286635     2.4784 4.3803e-01      98.88   24.00118  -97.30936    36.3893  1023.0367    36.2182    22.9140     29.000     3.3373 0.0000e+00
     30.194    29.1916  59.274967     2.4772 4.2662e-01      89.04   24.00118  -97.30938    36.3877  1023.0429    36.2166    22.9159     30.000     3.3336 0.0000e+00
     31.201    29.1861  59.267006     2.4778 4.0125e-01      69.91   24.00118  -97.30938    36.3860  1023.0478    36.2149    22.9166     31.000     3.3352 0.0000e+00
     32.207    29.1898  59.273932     2.4764 4.2551e-01      98.16   24.00118  -97.30938    36.3877  1023.0521    36.2166    22.9167     32.000     3.3335 0.0000e+00
     33.214    29.1730  59.250493     2.4776 4.2933e-01      98.89   24.00118  -97.30938    36.3839  1023.0592    36.2129    22.9196     33.000     3.3382 0.0000e+00
     34.221    29.1863  59.285222     2.4773 4.2112e-01      98.87   24.00118  -97.30938    36.3976  1023.0692    36.2264    22.9254     34.000     3.3366 0.0000e+00
     35.227    29.1817  59.309083     2.4774 4.5706e-01      98.85   24.00119  -97.30938    36.4174  1023.0899    36.2461    22.9419     35.000     3.3360 0.0000e+00
     36.234    29.1678  59.319250     2.4797 4.8898e-01      98.85   24.00120  -97.30939    36.4347  1023.1118    36.2633    22.9595     36.000     3.3486 0.0000e+00
     37.240    29.1311  59.298171     2.4870 4.9831e-01      98.83   24.00120  -97.30940    36.4477  1023.1382    36.2764    22.9818     37.000     3.3618 0.0000e+00
     38.247    28.9998  59.192739     2.4883 4.9555e-01      98.83   24.00120  -97.30940    36.4744  1023.2067    36.3029    23.0459     38.000     3.3700 0.0000e+00
     39.253    28.9031  59.111080     2.4949 5.5353e-01      98.84   24.00120  -97.30940    36.4913  1023.2561    36.3197    23.0911     39.000     3.3945 0.0000e+00
     40.260    28.8459  59.057713     2.5026 5.5725e-01      93.29   24.00120  -97.30941    36.4975  1023.2843    36.3259    23.1150     40.000     3.4131 0.0000e+00
     41.267    28.7815  59.006999     2.5128 5.8007e-01      84.34   24.00120  -97.30942    36.5112  1023.3204    36.3396    23.1468     41.000     3.4343 0.0000e+00
     42.273    28.6874  58.918540     2.5194 5.8530e-01      99.27   24.00120  -97.30942    36.5213  1023.3637    36.3496    23.1858     42.000     3.4470 0.0000e+00
     43.280    28.3902  58.632056     2.5228 6.3011e-01      79.33   24.00120  -97.30942    36.5490  1023.4877    36.3771    23.3053     43.000     3.4728 0.0000e+00
     44.286    28.1321  58.386212     2.5318 6.4386e-01      93.04   24.00122  -97.30942    36.5751  1023.5970    36.4031    23.4102     44.000     3.5160 0.0000e+00
     45.293    27.6043  57.817947     2.5533 6.3190e-01      98.96   24.00122  -97.30942    36.5818  1023.7794    36.4098    23.5878     45.000     3.5982 0.0000e+00
     46.300    26.8744  57.004071     2.5747 6.6313e-01      98.85   24.00122  -97.30944    36.5699  1024.0113    36.3979    23.8148     46.000     3.6785 0.0000e+00
     47.306    26.8039  56.925323     2.5845 6.9484e-01      98.84   24.00122  -97.30944    36.5682  1024.0369    36.3962    23.8361     47.000     3.6905 0.0000e+00
     48.313    26.7559  56.869662     2.5936 6.6790e-01      79.69   24.00122  -97.30944    36.5654  1024.0545    36.3934    23.8494     48.000     3.7112 0.0000e+00
     49.320    26.6530  56.746836     2.6004 6.2260e-01      93.53   24.00122  -97.30944    36.5572  1024.0856    36.3853    23.8762     49.000     3.7234 0.0000e+00
     50.326    25.9263  55.964282     2.5812 9.7270e-01      79.52   24.00122  -97.30946    36.5623  1024.3235    36.3904    24.1091     50.000     3.6247 0.0000e+00
     51.333    25.2273  55.229911     2.4477 1.0765e+00      45.49   24.00122  -97.30946    36.5792  1024.5584    36.4072    24.3389     51.000     3.3079 0.0000e+00
     52.340    24.9021  54.888411     2.3553 9.7702e-01      57.88   24.00122  -97.30946    36.5865  1024.6680    36.4144    24.4440     52.000     3.3030 0.0000e+00
     53.346    24.5196  54.484242     2.3461 1.1416e+00      77.23   24.00122  -97.30946    36.5927  1024.7936    36.4207    24.5648     53.000     3.3680 0.0000e+00
     54.353    24.1992  54.152427     2.3469 7.8992e-01      49.71   24.00122  -97.30946    36.6026  1024.9021    36.4305    24.6687     54.000     3.3954 0.0000e+00
     55.360    24.0494  53.990321     2.3618 6.4627e-01      39.53   24.00122  -97.30946    36.6016  1024.9507    36.4295    24.7128     55.000     3.4702 0.0000e+00
     56.366    23.9295  53.856599     2.3963 5.0754e-01      37.79   24.00122  -97.30948    36.5976  1024.9879    36.4256    24.7456     56.000     3.5433 0.0000e+00
     57.373    23.8579  53.778950     2.4166 4.3589e-01      36.78   24.00122  -97.30948    36.5968  1025.0129    36.4247    24.7663     57.000     3.5736 0.0000e+00
     58.380    23.7824  53.697732     2.4265 4.1444e-01      36.07   24.00122  -97.30948    36.5963  1025.0393    36.4242    24.7884     58.000     3.5821 0.0000e+00
     59.386    23.6356  53.540545     2.4244 4.3876e-01      35.06   24.00122  -97.30948    36.5963  1025.0873    36.4243    24.8319     59.000     3.5602 0.0000e+00
     60.393    23.3834  53.273442     2.4043 4.4581e-01      33.77   24.00123  -97.30948    36.5987  1025.1679    36.4266    24.9079     60.000     3.4999 0.0000e+00
     61.400    23.3006  53.188633     2.3516 4.6536e-01      32.84   24.00124  -97.30948    36.6014  1025.1986    36.4293    24.9342     61.000     3.3078 0.0000e+00
     62.406    23.2943  53.180070     2.2696 4.7939e-01      31.90   24.00124  -97.30949    36.5997  1025.2035    36.4276    24.9348     62.000     3.1479 0.0000e+00
     63.413    23.2923  53.175956     2.2037 4.9154e-01      30.76   24.00124  -97.30950    36.5977  1025.2070    36.4256    24.9340     63.000     3.0885 0.0000e+00
     64.420    23.2926  53.174568     2.1714 4.7449e-01      29.83   24.00124  -97.30950    36.5961  1025.2100    36.4240    24.9327     64.000     3.0628 0.0000e+00
     65.427    23.2926  53.173894     2.1598 4.9114e-01      28.85   24.00124  -97.30950    36.5952  1025.2137    36.4232    24.9321     65.000     3.0559 0.0000e+00
     66.433    23.2924  53.172649     2.1531 4.8634e-01      27.77   24.00124  -97.30951    36.5941  1025.2172    36.4220    24.9314     66.000     3.0521 0.0000e+00
     67.440    23.2918  53.171390     2.1477 4.8301e-01      26.81   24.00124  -97.30952    36.5933  1025.2211    36.4212    24.9310     67.000     3.0390 0.0000e+00
     68.447    23.2913  53.170482     2.1410 4.7848e-01      25.88   24.00124  -97.30952    36.5926  1025.2251    36.4205    24.9307     68.000     3.0257 0.0000e+00
     69.453    23.2899  53.168707     2.1361 4.8750e-01      24.88   24.00124  -97.30952    36.5921  1025.2295    36.4200    24.9308     69.000     3.0214 0.0000e+00
     70.460    23.2876  53.165927     2.1326 4.7395e-01      23.89   24.00124  -97.30952    36.5915  1025.2341    36.4194    24.9311     70.000     3.0151 0.0000e+00
     71.467    23.2811  53.158892     2.1273 4.8222e-01      22.92   24.00125  -97.30952    36.5911  1025.2400    36.4190    24.9328     71.000     2.9970 0.0000e+00
     72.474    23.2505  53.127046     2.1177 4.7606e-01      21.92   24.00126  -97.30952    36.5914  1025.2536    36.4194    24.9420     72.000     2.9822 0.0000e+00
     73.480    23.2209  53.096130     2.1120 4.5902e-01      21.00   24.00126  -97.30954    36.5917  1025.2669    36.4197    24.9509     73.000     2.9749 0.0000e+00
     74.487    23.1554  53.029074     2.1068 4.7491e-01      19.99   24.00126  -97.30954    36.5938  1025.2920    36.4217    24.9716     74.000     2.9755 0.0000e+00
     75.494    23.1386  53.011306     2.1173 4.5631e-01      18.96   24.00126  -97.30954    36.5936  1025.3011    36.4215    24.9764     75.000     3.0341 0.0000e+00
     76.501    23.1368  53.009290     2.1359 4.0746e-01      18.07   24.00126  -97.30955    36.5932  1025.3056    36.4211    24.9767     76.000     3.0648 0.0000e+00
     77.508    23.1309  53.002966     2.1456 4.2437e-01      17.11   24.00126  -97.30956    36.5928  1025.3114    36.4208    24.9782     77.000     3.0781 0.0000e+00
     78.514    23.1293  53.000946     2.1572 4.4131e-01      16.04   24.00126  -97.30956    36.5922  1025.3157    36.4201    24.9783     78.000     3.0976 0.0000e+00
     79.521    23.1195  52.990520     2.1643 3.9813e-01      15.10   24.00126  -97.30956    36.5919  1025.3228    36.4199    24.9810     79.000     3.1092 0.0000e+00
     80.528    23.1052  52.975494     2.1715 3.9288e-01      14.19   24.00126  -97.30956    36.5918  1025.3312    36.4198    24.9851     80.000     3.1296 0.0000e+00
     81.535    23.0734  52.941410     2.1803 3.9104e-01      13.13   24.00126  -97.30956    36.5914  1025.3446    36.4194    24.9941     81.000     3.1457 0.0000e+00
     82.542    23.0536  52.921399     2.1855 3.7339e-01      12.11   24.00126  -97.30958    36.5920  1025.3551    36.4199    25.0003     82.000     3.1476 0.0000e+00
     83.548    23.0467  52.913786     2.1836 3.9385e-01      10.78   24.00127  -97.30958    36.5915  1025.3611    36.4194    25.0020     83.000     3.1422 0.0000e+00
     84.555    23.0395  52.904476     2.1877 4.0663e-01       9.56   24.00131  -97.30968    36.5899  1025.3664    36.4179    25.0030     84.000     3.1512 0.0000e+00
     85.562    23.0333  52.897826     2.1973 4.1599e-01       8.57   24.00142  -97.30990    36.5895  1025.3722    36.4175    25.0046     85.000     3.1705 0.0000e+00
