programas_en_desarrollo/Semestre-6/Computacion_y_analisis_de_datos_geofisicos/1.1Matlab/Bases de Datos/dln003.cnv
* Sea-Bird SBE 9 Data File:
* FileName = C:\sogom02\Datos\F3.hex
* Software Version Seasave V 7.25.0.151
* Temperature SN = 4914
* Conductivity SN = 4390
* Number of Bytes Per Scan = 31
* Number of Voltage Words = 4
* Number of Scans Averaged by the Deck Unit = 1
* NMEA Latitude = 24 00.39 N
* NMEA Longitude = 097 05.07 W
* NMEA UTC (Time) = Sep 30 2016  05:52:30
* NMEA baud rate = 4800
** B/O JUSTO SIERRA
** Estación: F3
** Lance: ln003
** Fecha y hora de arribo: 30/09/2016 05:43
** Latitud (ºN): 24 00.34
** Longitud (ºW): 97 05.02
** Prof. Ecosonda (m): 31
** Operador: rod
# nquan = 15
# nvalues = 455                         
# units = specified
# name 0 = prDM: Pressure, Digiquartz [db]
# name 1 = t090C: Temperature [ITS-90, deg C]
# name 2 = c0mS/cm: Conductivity [mS/cm]
# name 3 = sbeox0V: Oxygen raw, SBE 43 [V]
# name 4 = flSP: Fluorescence, Seapoint
# name 5 = altM: Altimeter [m]
# name 6 = latitude: Latitude [deg]
# name 7 = longitude: Longitude [deg]
# name 8 = gsw_saA0: Absolute Salinity [g/kg]
# name 9 = gsw_densityA0: density, TEOS-10 [density, kg/m^3]
# name 10 = sal00: Salinity, Practical [PSU]
# name 11 = sigma-é00: Density [sigma-theta, kg/m^3]
# name 12 = depSM: Depth [salt water, m], lat = 24.0065
# name 13 = sbeox0ML/L: Oxygen, SBE 43 [ml/l], WS = 2
# name 14 = flag: flag
# span 0 =      1.006,    458.421       
# span 1 =     9.3672,    29.4147       
# span 2 =  37.826275,  59.651712       
# span 3 =     1.2632,     2.8373       
# span 4 = 6.8513e-02, 8.0922e-01       
# span 5 =      31.68,      99.15       
# span 6 =   24.00636,   24.00675       
# span 7 =  -97.08594,  -97.08472       
# span 8 =    35.3020,    36.7015       
# span 9 =  1022.6405,  1029.2369       
# span 10 =    35.1331,    36.5287      
# span 11 =    22.6359,    27.1711      
# span 12 =      1.000,    455.000      
# span 13 =     1.7862,     3.9501      
# span 14 = 0.0000e+00, 0.0000e+00      
# interval = meters: 1                  
# start_time = Sep 30 2016 05:52:30 [NMEA time, header]
# bad_flag = -9.990e-29
*END*
[from data line 193]
    195.335    16.3360  45.644236     1.5323 7.1934e-02      98.98   24.00650  -97.08538    36.3428  1027.4354    36.1710    26.5781    194.000     2.1092 0.0000e+00
    196.342    16.2986  45.599915     1.5315 7.1903e-02      98.97   24.00650  -97.08539    36.3368  1027.4442    36.1651    26.5823    195.000     2.1100 0.0000e+00
    197.349    16.2403  45.532131     1.5306 7.1851e-02      98.98   24.00650  -97.08540    36.3290  1027.4564    36.1573    26.5900    196.000     2.1084 0.0000e+00
    198.357    16.1849  45.467657     1.5292 7.3266e-02      98.98   24.00650  -97.08540    36.3215  1027.4681    36.1498    26.5971    197.000     2.1088 0.0000e+00
    199.364    16.1405  45.415633     1.5286 7.3260e-02      98.98   24.00650  -97.08540    36.3151  1027.4781    36.1434    26.6025    198.000     2.1092 0.0000e+00
    200.371    16.0996  45.367642     1.5264 7.1983e-02      98.98   24.00650  -97.08540    36.3090  1027.4874    36.1373    26.6073    199.000     2.1016 0.0000e+00
    201.379    16.0906  45.356129     1.5242 7.3271e-02      98.98   24.00650  -97.08540    36.3064  1027.4921    36.1348    26.6075    200.000     2.1003 0.0000e+00
    202.386    16.0675  45.328592     1.5230 7.3260e-02      98.98   24.00650  -97.08540    36.3024  1027.4988    36.1308    26.6098    201.000     2.0989 0.0000e+00
    203.394    15.9824  45.229491     1.5214 7.3260e-02      98.98   24.00650  -97.08540    36.2908  1027.5143    36.1192    26.6205    202.000     2.0979 0.0000e+00
    204.401    15.8723  45.101441     1.5195 7.3260e-02      98.97   24.00650  -97.08540    36.2759  1027.5330    36.1044    26.6344    203.000     2.0969 0.0000e+00
    205.408    15.7927  45.007469     1.5165 7.3260e-02      98.97   24.00650  -97.08542    36.2637  1027.5465    36.0922    26.6432    204.000     2.0894 0.0000e+00
    206.416    15.7218  44.924354     1.5128 7.3260e-02      98.98   24.00649  -97.08542    36.2532  1027.5593    36.0817    26.6514    205.000     2.0835 0.0000e+00
    207.423    15.6872  44.881973     1.5090 7.1662e-02      98.98   24.00648  -97.08542    36.2461  1027.5664    36.0747    26.6539    206.000     2.0770 0.0000e+00
    208.431    15.6463  44.833632     1.5068 7.3238e-02      98.98   24.00648  -97.08542    36.2396  1027.5753    36.0682    26.6582    207.000     2.0759 0.0000e+00
    209.438    15.6064  44.787728     1.5044 7.3260e-02      98.98   24.00648  -97.08542    36.2342  1027.5848    36.0629    26.6632    208.000     2.0731 0.0000e+00
    210.445    15.5597  44.733565     1.5016 7.3260e-02      98.98   24.00648  -97.08542    36.2276  1027.5949    36.0563    26.6687    209.000     2.0704 0.0000e+00
    211.453    15.5236  44.691170     1.4997 7.3260e-02      98.98   24.00648  -97.08542    36.2219  1027.6033    36.0506    26.6725    210.000     2.0695 0.0000e+00
    212.460    15.4739  44.632726     1.4982 7.3260e-02      98.98   24.00648  -97.08542    36.2140  1027.6130    36.0427    26.6777    211.000     2.0684 0.0000e+00
    213.468    15.4498  44.603418     1.4965 7.0331e-02      98.98   24.00648  -97.08544    36.2092  1027.6193    36.0379    26.6794    212.000     2.0661 0.0000e+00
    214.475    15.4349  44.585387     1.4950 7.1909e-02      98.98   24.00648  -97.08544    36.2060  1027.6247    36.0347    26.6804    213.000     2.0646 0.0000e+00
    215.483    15.3624  44.502005     1.4939 7.3265e-02      98.99   24.00648  -97.08544    36.1965  1027.6384    36.0253    26.6894    214.000     2.0654 0.0000e+00
    216.490    15.3412  44.476290     1.4922 7.3260e-02      98.98   24.00648  -97.08544    36.1922  1027.6444    36.0209    26.6909    215.000     2.0639 0.0000e+00
    217.498    15.3310  44.463949     1.4918 7.3260e-02      98.98   24.00648  -97.08544    36.1899  1027.6495    36.0187    26.6915    216.000     2.0670 0.0000e+00
    218.505    15.3267  44.458470     1.4917 7.1854e-02      98.98   24.00648  -97.08544    36.1884  1027.6537    36.0172    26.6913    217.000     2.0672 0.0000e+00
    219.513    15.3212  44.451677     1.4915 7.3249e-02      98.98   24.00647  -97.08545    36.1869  1027.6582    36.0157    26.6914    218.000     2.0656 0.0000e+00
    220.520    15.2910  44.416878     1.4905 7.3260e-02      98.99   24.00646  -97.08546    36.1825  1027.6662    36.0113    26.6948    219.000     2.0627 0.0000e+00
    221.527    15.2769  44.400548     1.4895 7.3260e-02      98.98   24.00646  -97.08546    36.1802  1027.6721    36.0090    26.6962    220.000     2.0639 0.0000e+00
    222.535    15.2640  44.385539     1.4897 7.3260e-02      98.98   24.00646  -97.08546    36.1781  1027.6778    36.0069    26.6975    221.000     2.0695 0.0000e+00
    223.542    15.2556  44.375902     1.4904 7.3260e-02      98.98   24.00646  -97.08546    36.1766  1027.6830    36.0054    26.6983    222.000     2.0712 0.0000e+00
    224.550    15.2433  44.361646     1.4906 7.3260e-02      98.98   24.00646  -97.08546    36.1745  1027.6886    36.0033    26.6994    223.000     2.0735 0.0000e+00
    225.557    15.2252  44.340468     1.4916 7.3260e-02      98.98   24.00646  -97.08546    36.1714  1027.6948    36.0002    26.7011    224.000     2.0764 0.0000e+00
    226.565    15.2024  44.313500     1.4921 7.3260e-02      98.98   24.00646  -97.08546    36.1674  1027.7014    35.9962    26.7031    225.000     2.0792 0.0000e+00
    227.572    15.1666  44.272549     1.4928 7.3260e-02      98.98   24.00646  -97.08546    36.1625  1027.7102    35.9914    26.7074    226.000     2.0812 0.0000e+00
    228.580    15.1516  44.254698     1.4928 7.3260e-02      98.98   24.00646  -97.08547    36.1597  1027.7159    35.9885    26.7086    227.000     2.0796 0.0000e+00
    229.587    15.1460  44.247844     1.4921 7.3260e-02      98.99   24.00646  -97.08548    36.1581  1027.7204    35.9870    26.7087    228.000     2.0767 0.0000e+00
    230.595    15.1371  44.236956     1.4911 7.3260e-02      98.99   24.00646  -97.08548    36.1559  1027.7252    35.9848    26.7090    229.000     2.0743 0.0000e+00
    231.603    15.0737  44.164549     1.4902 7.3260e-02      98.99   24.00646  -97.08548    36.1478  1027.7377    35.9767    26.7168    230.000     2.0748 0.0000e+00
    232.610    15.0091  44.089381     1.4890 7.3260e-02      98.99   24.00645  -97.08548    36.1381  1027.7492    35.9670    26.7237    231.000     2.0746 0.0000e+00
    233.618    14.9434  44.013199     1.4877 7.3260e-02      98.99   24.00644  -97.08548    36.1284  1027.7610    35.9574    26.7308    232.000     2.0719 0.0000e+00
    234.625    14.8842  43.945423     1.4854 7.3260e-02      98.99   24.00644  -97.08548    36.1204  1027.7726    35.9494    26.7377    233.000     2.0651 0.0000e+00
    235.633    14.8597  43.916309     1.4822 7.1912e-02      98.99   24.00644  -97.08548    36.1159  1027.7791    35.9449    26.7397    234.000     2.0600 0.0000e+00
    236.640    14.8500  43.903998     1.4806 7.3258e-02      98.98   24.00644  -97.08549    36.1131  1027.7836    35.9421    26.7397    235.000     2.0653 0.0000e+00
    237.648    14.8414  43.893881     1.4808 7.3260e-02      98.99   24.00644  -97.08550    36.1113  1027.7886    35.9403    26.7402    236.000     2.0718 0.0000e+00
    238.655    14.8234  43.872990     1.4821 7.3260e-02      98.99   24.00644  -97.08550    36.1083  1027.7948    35.9373    26.7419    237.000     2.0778 0.0000e+00
    239.663    14.7906  43.835960     1.4831 7.3260e-02      98.99   24.00644  -97.08550    36.1041  1027.8033    35.9332    26.7459    238.000     2.0802 0.0000e+00
    240.671    14.7563  43.796954     1.4838 7.3260e-02      98.98   24.00644  -97.08550    36.0995  1027.8119    35.9286    26.7499    239.000     2.0839 0.0000e+00
    241.678    14.7412  43.778400     1.4851 7.3260e-02      98.98   24.00644  -97.08550    36.0960  1027.8170    35.9251    26.7505    240.000     2.0914 0.0000e+00
    242.686    14.7287  43.763009     1.4870 7.3260e-02      98.98   24.00644  -97.08550    36.0929  1027.8219    35.9220    26.7509    241.000     2.0960 0.0000e+00
    243.693    14.7253  43.758807     1.4884 7.3260e-02      98.98   24.00644  -97.08552    36.0918  1027.8263    35.9209    26.7508    242.000     2.0972 0.0000e+00
    244.701    14.7201  43.752543     1.4886 7.3260e-02      98.98   24.00644  -97.08552    36.0904  1027.8308    35.9195    26.7509    243.000     2.0931 0.0000e+00
    245.708    14.6869  43.714448     1.4877 7.3260e-02      98.99   24.00643  -97.08552    36.0855  1027.8389    35.9146    26.7544    244.000     2.0859 0.0000e+00
    246.716    14.6647  43.688463     1.4842 7.3260e-02      98.99   24.00642  -97.08552    36.0817  1027.8453    35.9108    26.7563    245.000     2.0681 0.0000e+00
    247.724    14.6221  43.639031     1.4791 7.3260e-02      98.99   24.00642  -97.08552    36.0751  1027.8541    35.9042    26.7605    246.000     2.0640 0.0000e+00
    248.731    14.5633  43.572414     1.4773 7.3260e-02      98.99   24.00642  -97.08552    36.0675  1027.8658    35.8967    26.7675    247.000     2.0698 0.0000e+00
    249.739    14.5540  43.561014     1.4762 7.3260e-02      98.99   24.00642  -97.08552    36.0653  1027.8706    35.8944    26.7678    248.000     2.0645 0.0000e+00
    250.746    14.5435  43.548476     1.4730 7.3260e-02      98.99   24.00642  -97.08552    36.0629  1027.8756    35.8921    26.7683    249.000     2.0500 0.0000e+00
    251.754    14.4986  43.497086     1.4687 7.3260e-02      98.99   24.00642  -97.08552    36.0565  1027.8850    35.8857    26.7731    250.000     2.0447 0.0000e+00
    252.762    14.4635  43.455942     1.4663 7.3260e-02      98.99   24.00642  -97.08554    36.0506  1027.8926    35.8798    26.7762    251.000     2.0501 0.0000e+00
    253.769    14.4380  43.425925     1.4663 7.3260e-02      98.99   24.00642  -97.08554    36.0460  1027.8992    35.8752    26.7782    252.000     2.0579 0.0000e+00
    254.777    14.4019  43.384351     1.4671 7.3260e-02      98.99   24.00642  -97.08554    36.0405  1027.9073    35.8697    26.7817    253.000     2.0648 0.0000e+00
    255.785    14.3511  43.326038     1.4688 7.3260e-02      98.99   24.00642  -97.08554    36.0331  1027.9172    35.8623    26.7870    254.000     2.0712 0.0000e+00
    256.792    14.3324  43.304692     1.4692 7.3260e-02      99.00   24.00642  -97.08555    36.0302  1027.9236    35.8594    26.7888    255.000     2.0687 0.0000e+00
    257.800    14.3216  43.292259     1.4693 7.3260e-02      98.99   24.00642  -97.08556    36.0282  1027.9289    35.8575    26.7896    256.000     2.0705 0.0000e+00
    258.808    14.2896  43.255114     1.4696 7.3260e-02      98.99   24.00642  -97.08556    36.0230  1027.9363    35.8522    26.7924    257.000     2.0735 0.0000e+00
    259.815    14.2644  43.225689     1.4698 7.2136e-02      98.98   24.00642  -97.08556    36.0185  1027.9429    35.8478    26.7945    258.000     2.0738 0.0000e+00
    260.823    14.2470  43.205527     1.4698 7.3293e-02      98.98   24.00640  -97.08556    36.0156  1027.9489    35.8449    26.7959    259.000     2.0748 0.0000e+00
    261.831    14.2330  43.189373     1.4698 7.3260e-02      98.99   24.00640  -97.08556    36.0132  1027.9545    35.8425    26.7971    260.000     2.0750 0.0000e+00
    262.838    14.2231  43.178022     1.4695 7.3260e-02      98.98   24.00640  -97.08556    36.0113  1027.9597    35.8406    26.7978    261.000     2.0729 0.0000e+00
    263.846    14.2183  43.172210     1.4688 7.3260e-02      98.98   24.00640  -97.08556    36.0100  1027.9642    35.8393    26.7979    262.000     2.0719 0.0000e+00
    264.854    14.2041  43.155756     1.4685 7.2019e-02      98.99   24.00640  -97.08556    36.0075  1027.9698    35.8368    26.7989    263.000     2.0740 0.0000e+00
    265.861    14.1577  43.103282     1.4682 7.3270e-02      98.98   24.00640  -97.08557    36.0012  1027.9796    35.8305    26.8040    264.000     2.0711 0.0000e+00
    266.869    14.1308  43.072734     1.4664 7.3260e-02      98.99   24.00640  -97.08558    35.9973  1027.9869    35.8267    26.8068    265.000     2.0638 0.0000e+00
    267.877    14.1235  43.064415     1.4640 7.3260e-02      98.99   24.00640  -97.08558    35.9959  1027.9919    35.8252    26.8073    266.000     2.0559 0.0000e+00
    268.885    14.1020  43.039684     1.4613 7.3260e-02      98.99   24.00640  -97.08558    35.9925  1027.9983    35.8218    26.8092    267.000     2.0532 0.0000e+00
    269.892    14.0568  42.987279     1.4596 7.3260e-02      98.98   24.00640  -97.08558    35.9851  1028.0070    35.8145    26.8132    268.000     2.0552 0.0000e+00
    270.900    14.0114  42.935265     1.4582 7.3260e-02      98.99   24.00640  -97.08558    35.9783  1028.0160    35.8077    26.8175    269.000     2.0530 0.0000e+00
    271.908    13.9570  42.873379     1.4568 7.3260e-02      98.99   24.00640  -97.08558    35.9706  1028.0263    35.8000    26.8231    270.000     2.0506 0.0000e+00
    272.915    13.8975  42.805426     1.4548 7.1794e-02      98.99   24.00640  -97.08558    35.9620  1028.0370    35.7914    26.8290    271.000     2.0461 0.0000e+00
    273.923    13.8525  42.753550     1.4521 7.3249e-02      98.99   24.00640  -97.08558    35.9549  1028.0457    35.7843    26.8330    272.000     2.0416 0.0000e+00
    274.931    13.8286  42.724645     1.4503 7.3260e-02      98.98   24.00640  -97.08560    35.9496  1028.0512    35.7790    26.8340    273.000     2.0445 0.0000e+00
    275.939    13.7681  42.656241     1.4492 7.3260e-02      98.99   24.00640  -97.08560    35.9414  1028.0623    35.7709    26.8404    274.000     2.0436 0.0000e+00
    276.946    13.7410  42.624235     1.4477 7.3260e-02      98.99   24.00640  -97.08560    35.9362  1028.0686    35.7657    26.8420    275.000     2.0438 0.0000e+00
    277.954    13.7108  42.589303     1.4474 7.3260e-02      98.99   24.00640  -97.08560    35.9310  1028.0756    35.7606    26.8444    276.000     2.0443 0.0000e+00
    278.962    13.6867  42.561721     1.4459 7.3260e-02      98.99   24.00640  -97.08560    35.9271  1028.0821    35.7567    26.8464    277.000     2.0371 0.0000e+00
    279.970    13.6705  42.542793     1.4433 7.3260e-02      98.99   24.00638  -97.08562    35.9240  1028.0877    35.7535    26.8474    278.000     2.0292 0.0000e+00
    280.977    13.6498  42.518986     1.4407 7.3260e-02      98.99   24.00638  -97.08562    35.9205  1028.0938    35.7501    26.8491    279.000     2.0228 0.0000e+00
    281.985    13.6136  42.478901     1.4379 7.3260e-02      98.99   24.00638  -97.08562    35.9161  1028.1026    35.7456    26.8532    280.000     2.0166 0.0000e+00
    282.993    13.5936  42.455520     1.4345 7.3260e-02      98.99   24.00638  -97.08562    35.9124  1028.1085    35.7420    26.8545    281.000     2.0032 0.0000e+00
    284.001    13.5645  42.422299     1.4290 7.3260e-02      98.99   24.00638  -97.08562    35.9077  1028.1156    35.7373    26.8570    282.000     1.9872 0.0000e+00
    285.009    13.5497  42.405301     1.4239 7.3260e-02      98.99   24.00638  -97.08562    35.9051  1028.1212    35.7347    26.8581    283.000     1.9762 0.0000e+00
    286.016    13.5404  42.394678     1.4195 7.3260e-02      98.99   24.00638  -97.08562    35.9034  1028.1263    35.7330    26.8587    284.000     1.9667 0.0000e+00
    287.024    13.5329  42.385939     1.4155 7.3260e-02      98.99   24.00638  -97.08562    35.9018  1028.1311    35.7314    26.8590    285.000     1.9595 0.0000e+00
    288.032    13.5147  42.365587     1.4116 7.3260e-02      98.99   24.00638  -97.08562    35.8991  1028.1373    35.7287    26.8607    286.000     1.9527 0.0000e+00
    289.040    13.4950  42.343391     1.4086 7.3260e-02      98.99   24.00638  -97.08562    35.8962  1028.1437    35.7257    26.8626    287.000     1.9491 0.0000e+00
    290.048    13.4638  42.308674     1.4059 7.3260e-02      98.98   24.00638  -97.08562    35.8920  1028.1516    35.7216    26.8658    288.000     1.9457 0.0000e+00
    291.055    13.4424  42.284524     1.4034 7.3260e-02      98.99   24.00638  -97.08564    35.8888  1028.1581    35.7184    26.8678    289.000     1.9392 0.0000e+00
