programas_en_desarrollo/Semestre-6/Computacion_y_analisis_de_datos_geofisicos/1.1Matlab/Bases de Datos/dln003.cnv
* Sea-Bird SBE 9 Data File:
* FileName = C:\sogom02\Datos\F3.hex
* Software Version Seasave V 7.25.0.151
* Temperature SN = 4914
* Conductivity SN = 4390
* Number of Bytes Per Scan = 31
* Number of Voltage Words = 4
* Number of Scans Averaged by the Deck Unit = 1
* NMEA Latitude = 24 00.39 N
* NMEA Longitude = 097 05.07 W
* NMEA UTC (Time) = Sep 30 2016  05:52:30
* NMEA baud rate = 4800
** B/O JUSTO SIERRA
** Estación: F3
** Lance: ln003
** Fecha y hora de arribo: 30/09/2016 05:43
** Latitud (ºN): 24 00.34
** Longitud (ºW): 97 05.02
** Prof. Ecosonda (m): 31
** Operador: rod
# nquan = 15
# nvalues = 455                         
# units = specified
# name 0 = prDM: Pressure, Digiquartz [db]
# name 1 = t090C: Temperature [ITS-90, deg C]
# name 2 = c0mS/cm: Conductivity [mS/cm]
# name 3 = sbeox0V: Oxygen raw, SBE 43 [V]
# name 4 = flSP: Fluorescence, Seapoint
# name 5 = altM: Altimeter [m]
# name 6 = latitude: Latitude [deg]
# name 7 = longitude: Longitude [deg]
# name 8 = gsw_saA0: Absolute Salinity [g/kg]
# name 9 = gsw_densityA0: density, TEOS-10 [density, kg/m^3]
# name 10 = sal00: Salinity, Practical [PSU]
# name 11 = sigma-é00: Density [sigma-theta, kg/m^3]
# name 12 = depSM: Depth [salt water, m], lat = 24.0065
# name 13 = sbeox0ML/L: Oxygen, SBE 43 [ml/l], WS = 2
# name 14 = flag: flag
# span 0 =      1.006,    458.421       
# span 1 =     9.3672,    29.4147       
# span 2 =  37.826275,  59.651712       
# span 3 =     1.2632,     2.8373       
# span 4 = 6.8513e-02, 8.0922e-01       
# span 5 =      31.68,      99.15       
# span 6 =   24.00636,   24.00675       
# span 7 =  -97.08594,  -97.08472       
# span 8 =    35.3020,    36.7015       
# span 9 =  1022.6405,  1029.2369       
# span 10 =    35.1331,    36.5287      
# span 11 =    22.6359,    27.1711      
# span 12 =      1.000,    455.000      
# span 13 =     1.7862,     3.9501      
# span 14 = 0.0000e+00, 0.0000e+00      
# interval = meters: 1                  
# start_time = Sep 30 2016 05:52:30 [NMEA time, header]
# bad_flag = -9.990e-29
*END*
      1.006    29.3369  58.974736     1.6497 2.9298e-01      98.87   24.00666  -97.08472    36.0814  1022.6405    35.9118    22.6359      1.000     1.9407 0.0000e+00
      2.013    29.3354  59.409706     1.8624 2.8724e-01      98.86   24.00666  -97.08472    36.3800  1022.8682    36.2090    22.8594      2.000     2.4805 0.0000e+00
      3.019    29.3386  59.406357     2.0638 2.8594e-01      98.86   24.00666  -97.08472    36.3749  1022.8676    36.2040    22.8546      3.000     2.7327 0.0000e+00
      4.026    29.3354  59.383353     2.1348 2.7136e-01      98.87   24.00666  -97.08472    36.3611  1022.8627    36.1903    22.8454      4.000     2.7525 0.0000e+00
      5.032    29.3274  59.367889     2.1273 2.8904e-01      98.87   24.00666  -97.08472    36.3563  1022.8660    36.1854    22.8446      5.000     2.6385 0.0000e+00
      6.038    29.3459  59.391297     2.0806 2.6195e-01      98.87   24.00666  -97.08472    36.3581  1022.8655    36.1872    22.8398      6.000     2.5494 0.0000e+00
      7.045    29.3416  59.428644     2.0712 2.9295e-01      98.68   24.00667  -97.08475    36.3869  1022.8927    36.2159    22.8629      7.000     2.5868 0.0000e+00
      8.051    29.3510  59.492800     2.8373 3.4331e-01      99.15   24.00675  -97.08490    36.4238  1022.9214    36.2526    22.8874      8.000     3.9501 0.0000e+00
      9.058    29.3483  59.471902     2.4565 3.1528e-01      98.89   24.00672  -97.08486    36.4111  1022.9171    36.2400    22.8788      9.000     3.2793 0.0000e+00
     10.064    29.3546  59.483551     2.4549 3.2326e-01      98.89   24.00672  -97.08487    36.4141  1022.9215    36.2429    22.8790     10.000     3.2771 0.0000e+00
     11.071    29.3521  59.477960     2.4567 3.0391e-01      98.90   24.00672  -97.08488    36.4118  1022.9249    36.2407    22.8782     11.000     3.2813 0.0000e+00
     12.077    29.3519  59.478741     2.4571 3.2168e-01      98.89   24.00672  -97.08488    36.4122  1022.9296    36.2411    22.8787     12.000     3.2798 0.0000e+00
     13.084    29.3540  59.482714     2.4540 3.3327e-01      98.89   24.00672  -97.08488    36.4130  1022.9338    36.2419    22.8787     13.000     3.2764 0.0000e+00
     14.090    29.3598  59.494993     2.4574 3.2077e-01      98.90   24.00674  -97.08488    36.4168  1022.9390    36.2457    22.8797     14.000     3.2843 0.0000e+00
     15.097    29.3596  59.496548     2.4568 3.0345e-01      98.90   24.00674  -97.08488    36.4178  1022.9441    36.2466    22.8805     15.000     3.2803 0.0000e+00
     16.103    29.3634  59.505771     2.4539 3.2629e-01      98.89   24.00674  -97.08488    36.4209  1022.9494    36.2498    22.8817     16.000     3.2745 0.0000e+00
     17.110    29.3687  59.519930     2.4560 3.2091e-01      98.86   24.00674  -97.08488    36.4264  1022.9560    36.2552    22.8840     17.000     3.2825 0.0000e+00
     18.116    29.3695  59.521431     2.4526 3.1631e-01      98.84   24.00674  -97.08490    36.4265  1022.9602    36.2554    22.8840     18.000     3.2716 0.0000e+00
     19.123    29.3691  59.521024     2.4514 3.3165e-01      98.84   24.00674  -97.08490    36.4262  1022.9644    36.2551    22.8840     19.000     3.2715 0.0000e+00
     20.129    29.3682  59.519371     2.4496 3.3045e-01      98.85   24.00674  -97.08490    36.4255  1022.9684    36.2543    22.8838     20.000     3.2713 0.0000e+00
     21.136    29.3722  59.529551     2.4521 3.3342e-01      98.84   24.00674  -97.08490    36.4292  1022.9741    36.2580    22.8853     21.000     3.2766 0.0000e+00
     22.142    29.3729  59.531111     2.4521 3.3954e-01      98.84   24.00674  -97.08491    36.4295  1022.9784    36.2582    22.8853     22.000     3.2733 0.0000e+00
     23.149    29.3756  59.538055     2.4499 3.5097e-01      98.83   24.00674  -97.08492    36.4319  1022.9836    36.2607    22.8863     23.000     3.2712 0.0000e+00
     24.155    29.3765  59.540692     2.4510 3.3985e-01      98.81   24.00674  -97.08492    36.4328  1022.9882    36.2615    22.8868     24.000     3.2720 0.0000e+00
     25.162    29.3812  59.553121     2.4470 3.3627e-01      98.81   24.00674  -97.08492    36.4374  1022.9944    36.2662    22.8887     25.000     3.2647 0.0000e+00
     26.168    29.3867  59.566936     2.4464 3.6728e-01      98.82   24.00674  -97.08492    36.4425  1023.0006    36.2712    22.8908     26.000     3.2664 0.0000e+00
     27.175    29.3945  59.587652     2.4478 3.3652e-01      98.84   24.00674  -97.08492    36.4506  1023.0084    36.2793    22.8942     27.000     3.2667 0.0000e+00
     28.181    29.4011  59.604278     2.4451 3.4949e-01      98.84   24.00674  -97.08493    36.4569  1023.0150    36.2855    22.8967     28.000     3.2609 0.0000e+00
     29.188    29.4063  59.617420     2.4454 3.7153e-01      98.85   24.00674  -97.08494    36.4617  1023.0212    36.2903    22.8987     29.000     3.2637 0.0000e+00
     30.194    29.4147  59.651712     2.4430 3.9451e-01      98.85   24.00674  -97.08494    36.4787  1023.0353    36.3072    22.9086     30.000     3.2564 0.0000e+00
     31.201    29.3487  59.596188     2.4396 4.3528e-01      98.85   24.00674  -97.08494    36.4902  1023.0706    36.3186    22.9396     31.000     3.2538 0.0000e+00
     32.207    29.1426  59.386945     2.4383 4.5639e-01      98.85   24.00674  -97.08494    36.5021  1023.1535    36.3304    23.0181     32.000     3.2698 0.0000e+00
     33.214    29.1262  59.367580     2.4470 4.6850e-01      98.85   24.00674  -97.08494    36.5008  1023.1623    36.3292    23.0228     33.000     3.2901 0.0000e+00
     34.221    29.0918  59.331252     2.4535 4.8714e-01      98.86   24.00674  -97.08494    36.5016  1023.1789    36.3300    23.0351     34.000     3.3008 0.0000e+00
     35.227    28.9717  59.212092     2.4569 5.2093e-01      98.88   24.00674  -97.08494    36.5103  1023.2301    36.3386    23.0820     35.000     3.3124 0.0000e+00
     36.234    28.8003  59.043719     2.4610 5.1311e-01      98.89   24.00674  -97.08494    36.5240  1023.3021    36.3522    23.1496     36.000     3.3311 0.0000e+00
     37.240    27.8973  58.111942     2.4663 5.5983e-01      98.88   24.00674  -97.08496    36.5651  1023.6364    36.3932    23.4789     37.000     3.3960 0.0000e+00
     38.247    27.4223  57.577817     2.4694 6.7383e-01      98.89   24.00674  -97.08496    36.5548  1023.7885    36.3829    23.6264     38.000     3.4161 0.0000e+00
     39.253    27.3905  57.536875     2.4551 8.0922e-01      98.89   24.00674  -97.08496    36.5500  1023.7996    36.3782    23.6333     39.000     3.3851 0.0000e+00
     40.260    27.0501  57.164783     2.4384 7.6795e-01      98.89   24.00674  -97.08496    36.5493  1023.9133    36.3774    23.7424     40.000     3.3670 0.0000e+00
     41.267    26.3600  56.444705     2.4299 7.6029e-01      98.90   24.00672  -97.08496    36.5720  1024.1553    36.4001    23.9795     41.000     3.4270 0.0000e+00
     42.273    26.0201  56.085428     2.4593 6.2116e-01      98.86   24.00672  -97.08498    36.5792  1024.2724    36.4072    24.0921     42.000     3.5338 0.0000e+00
     43.280    25.6604  55.706251     2.5152 4.0431e-01      98.84   24.00672  -97.08498    36.5873  1024.3955    36.4152    24.2105     43.000     3.6829 0.0000e+00
     44.286    25.5482  55.584581     2.5397 4.7704e-01      98.86   24.00672  -97.08498    36.5869  1024.4345    36.4149    24.2452     44.000     3.6816 0.0000e+00
     45.293    25.5187  55.543161     2.5413 4.8892e-01      98.84   24.00672  -97.08498    36.5795  1024.4424    36.4075    24.2489     45.000     3.6807 0.0000e+00
     46.300    25.4634  55.482737     2.5456 5.0795e-01      98.82   24.00672  -97.08498    36.5788  1024.4634    36.4068    24.2655     46.000     3.6945 0.0000e+00
     47.306    25.3437  55.353298     2.5403 5.2886e-01      98.83   24.00672  -97.08499    36.5787  1024.5047    36.4067    24.3024     47.000     3.6736 0.0000e+00
     48.313    25.1643  55.160964     2.5258 4.0053e-01      98.82   24.00672  -97.08500    36.5797  1024.5652    36.4077    24.3584     48.000     3.6659 0.0000e+00
     49.320    25.0574  55.047258     2.5280 3.5958e-01      98.84   24.00672  -97.08500    36.5807  1024.6032    36.4087    24.3921     49.000     3.6886 0.0000e+00
     50.326    25.0047  54.984609     2.5264 3.2746e-01      98.83   24.00672  -97.08500    36.5762  1024.6202    36.4042    24.4048     50.000     3.6815 0.0000e+00
     51.333    24.8794  54.851155     2.5252 3.1396e-01      98.84   24.00672  -97.08501    36.5772  1024.6637    36.4052    24.4439     51.000     3.6880 0.0000e+00
     52.340    24.8274  54.801533     2.5202 3.1759e-01      98.84   24.00672  -97.08502    36.5819  1024.6875    36.4098    24.4633     52.000     3.6811 0.0000e+00
     53.346    24.8003  54.783315     2.5177 3.2011e-01      98.85   24.00672  -97.08502    36.5898  1024.7061    36.4178    24.4776     53.000     3.6847 0.0000e+00
     54.353    24.6708  54.666294     2.5205 2.7294e-01      98.86   24.00672  -97.08502    36.6067  1024.7625    36.4345    24.5297     54.000     3.6997 0.0000e+00
     55.360    24.5041  54.501748     2.5227 2.8680e-01      98.85   24.00672  -97.08504    36.6179  1024.8259    36.4457    24.5887     55.000     3.7082 0.0000e+00
     56.366    24.2977  54.275136     2.5117 2.4145e-01      98.78   24.00672  -97.08504    36.6145  1024.8901    36.4424    24.6483     56.000     3.6884 0.0000e+00
     57.373    24.2087  54.185169     2.4991 2.5145e-01      98.82   24.00672  -97.08504    36.6187  1024.9244    36.4465    24.6782     57.000     3.6676 0.0000e+00
     58.380    24.1853  54.158153     2.4848 2.3099e-01      98.86   24.00672  -97.08504    36.6171  1024.9345    36.4449    24.6841     58.000     3.6466 0.0000e+00
     59.386    24.0528  54.021780     2.4756 2.3374e-01      98.86   24.00672  -97.08506    36.6215  1024.9819    36.4493    24.7270     59.000     3.6400 0.0000e+00
     60.393    23.9014  53.855218     2.4609 2.2170e-01      98.87   24.00670  -97.08506    36.6183  1025.0292    36.4462    24.7698     60.000     3.6107 0.0000e+00
     61.400    23.7999  53.741960     2.4463 2.2491e-01      98.88   24.00670  -97.08506    36.6148  1025.0612    36.4427    24.7974     61.000     3.6003 0.0000e+00
     62.406    23.7421  53.689437     2.4374 2.3174e-01      98.89   24.00670  -97.08508    36.6219  1025.0880    36.4497    24.8199     62.000     3.5807 0.0000e+00
     63.413    23.6534  53.590691     2.4187 2.4496e-01      98.82   24.00670  -97.08508    36.6189  1025.1164    36.4467    24.8439     63.000     3.5425 0.0000e+00
     64.420    23.5573  53.488575     2.4056 2.3377e-01      98.83   24.00670  -97.08508    36.6194  1025.1496    36.4472    24.8727     64.000     3.5334 0.0000e+00
     65.427    23.4735  53.396859     2.3952 2.3496e-01      98.87   24.00670  -97.08508    36.6177  1025.1774    36.4455    24.8961     65.000     3.5078 0.0000e+00
     66.433    23.3777  53.297196     2.3849 2.5623e-01      98.93   24.00670  -97.08508    36.6197  1025.2114    36.4475    24.9257     66.000     3.4946 0.0000e+00
     67.440    23.3125  53.224450     2.3734 2.6015e-01      98.94   24.00670  -97.08508    36.6171  1025.2331    36.4450    24.9430     67.000     3.4694 0.0000e+00
     68.447    23.2185  53.114967     2.3576 2.5148e-01      98.95   24.00670  -97.08510    36.6101  1025.2597    36.4380    24.9652     68.000     3.4512 0.0000e+00
     69.454    23.1456  53.032551     2.3521 2.5262e-01      98.95   24.00670  -97.08510    36.6064  1025.2825    36.4342    24.9837     69.000     3.4609 0.0000e+00
     70.460    23.0750  52.950957     2.3479 2.7990e-01      98.95   24.00670  -97.08510    36.6013  1025.3037    36.4292    25.0004     70.000     3.4535 0.0000e+00
     71.467    22.9807  52.843451     2.3409 2.9908e-01      98.95   24.00670  -97.08510    36.5959  1025.3315    36.4238    25.0238     71.000     3.4426 0.0000e+00
     72.474    22.9397  52.801237     2.3335 2.6732e-01      98.95   24.00670  -97.08510    36.5968  1025.3484    36.4247    25.0364     72.000     3.4376 0.0000e+00
     73.481    22.8590  52.721217     2.3309 2.5625e-01      98.95   24.00670  -97.08510    36.6013  1025.3796    36.4292    25.0632     73.000     3.4322 0.0000e+00
     74.487    22.7819  52.635920     2.3199 2.5989e-01      98.95   24.00668  -97.08510    36.5987  1025.4044    36.4267    25.0836     74.000     3.4019 0.0000e+00
     75.494    22.7309  52.581361     2.3073 2.5826e-01      98.95   24.00668  -97.08511    36.5983  1025.4232    36.4262    25.0980     75.000     3.3886 0.0000e+00
     76.501    22.5907  52.425168     2.2971 2.5385e-01      98.95   24.00668  -97.08512    36.5928  1025.4639    36.4208    25.1342     76.000     3.3779 0.0000e+00
     77.508    22.4946  52.317989     2.2914 2.6844e-01      98.95   24.00668  -97.08512    36.5888  1025.4928    36.4168    25.1587     77.000     3.3737 0.0000e+00
     78.514    22.4141  52.240970     2.2795 2.8702e-01      98.95   24.00668  -97.08512    36.5955  1025.5254    36.4234    25.1868     78.000     3.3470 0.0000e+00
     79.521    22.3777  52.207131     2.2678 2.7518e-01      98.95   24.00668  -97.08512    36.5991  1025.5429    36.4270    25.2000     79.000     3.3323 0.0000e+00
     80.528    22.3325  52.151065     2.2591 2.9068e-01      98.95   24.00668  -97.08513    36.5925  1025.5552    36.4204    25.2079     80.000     3.3165 0.0000e+00
     81.535    22.2737  52.083626     2.2497 2.9638e-01      98.95   24.00668  -97.08514    36.5883  1025.5732    36.4163    25.2215     81.000     3.2991 0.0000e+00
     82.542    22.1958  52.007028     2.2366 3.0020e-01      98.94   24.00668  -97.08514    36.5930  1025.6033    36.4209    25.2472     82.000     3.2697 0.0000e+00
     83.548    22.1016  51.920614     2.2205 3.0013e-01      98.92   24.00668  -97.08514    36.6037  1025.6426    36.4316    25.2821     83.000     3.2304 0.0000e+00
     84.555    22.0220  51.848221     2.1931 3.0916e-01      98.90   24.00668  -97.08514    36.6132  1025.6767    36.4410    25.3118     84.000     3.1565 0.0000e+00
     85.562    21.9718  51.795155     2.1537 3.0411e-01      98.87   24.00668  -97.08514    36.6131  1025.6953    36.4409    25.3259     85.000     3.0824 0.0000e+00
     86.569    21.8860  51.709246     2.1320 2.9531e-01      98.87   24.00668  -97.08514    36.6170  1025.7268    36.4448    25.3531     86.000     3.0695 0.0000e+00
     87.576    21.8333  51.661964     2.1154 2.9307e-01      98.92   24.00668  -97.08514    36.6237  1025.7511    36.4514    25.3730     87.000     3.0264 0.0000e+00
     88.582    21.7283  51.559064     2.0894 3.0502e-01      98.93   24.00666  -97.08514    36.6303  1025.7901    36.4581    25.4075     88.000     2.9728 0.0000e+00
     89.589    21.6191  51.450270     2.0610 3.0998e-01      98.94   24.00666  -97.08516    36.6358  1025.8292    36.4634    25.4421     89.000     2.9228 0.0000e+00
     90.596    21.5565  51.389977     2.0356 2.9282e-01      98.95   24.00666  -97.08516    36.6404  1025.8546    36.4681    25.4632     90.000     2.8688 0.0000e+00
     91.603    21.4894  51.323671     2.0088 2.9304e-01      98.95   24.00666  -97.08516    36.6440  1025.8805    36.4717    25.4846     91.000     2.8171 0.0000e+00
     92.610    21.4089  51.243339     1.9820 2.9304e-01      98.95   24.00666  -97.08516    36.6478  1025.9102    36.4754    25.5099     92.000     2.7786 0.0000e+00
     93.617    21.3274  51.157807     1.9638 2.7568e-01      98.95   24.00666  -97.08516    36.6482  1025.9376    36.4759    25.5328     93.000     2.7644 0.0000e+00
     94.624    21.2581  51.090167     1.9591 2.7858e-01      98.96   24.00666  -97.08516    36.6526  1025.9645    36.4802    25.5553     94.000     2.7731 0.0000e+00
     95.631    21.2058  51.036452     1.9516 2.7687e-01      98.95   24.00666  -97.08516    36.6537  1025.9843    36.4813    25.5707     95.000     2.7473 0.0000e+00
     96.637    21.1636  50.998924     1.9399 2.5627e-01      98.96   24.00666  -97.08516    36.6592  1026.0044    36.4867    25.5864     96.000     2.7243 0.0000e+00
