programas_en_desarrollo/Semestre-6/Computacion_y_analisis_de_datos_geofisicos/1.1Matlab/Bases de Datos/dln003.cnv
* Sea-Bird SBE 9 Data File:
* FileName = C:\sogom02\Datos\F3.hex
* Software Version Seasave V 7.25.0.151
* Temperature SN = 4914
* Conductivity SN = 4390
* Number of Bytes Per Scan = 31
* Number of Voltage Words = 4
* Number of Scans Averaged by the Deck Unit = 1
* NMEA Latitude = 24 00.39 N
* NMEA Longitude = 097 05.07 W
* NMEA UTC (Time) = Sep 30 2016  05:52:30
* NMEA baud rate = 4800
** B/O JUSTO SIERRA
** Estación: F3
** Lance: ln003
** Fecha y hora de arribo: 30/09/2016 05:43
** Latitud (ºN): 24 00.34
** Longitud (ºW): 97 05.02
** Prof. Ecosonda (m): 31
** Operador: rod
# nquan = 15
# nvalues = 455                         
# units = specified
# name 0 = prDM: Pressure, Digiquartz [db]
# name 1 = t090C: Temperature [ITS-90, deg C]
# name 2 = c0mS/cm: Conductivity [mS/cm]
# name 3 = sbeox0V: Oxygen raw, SBE 43 [V]
# name 4 = flSP: Fluorescence, Seapoint
# name 5 = altM: Altimeter [m]
# name 6 = latitude: Latitude [deg]
# name 7 = longitude: Longitude [deg]
# name 8 = gsw_saA0: Absolute Salinity [g/kg]
# name 9 = gsw_densityA0: density, TEOS-10 [density, kg/m^3]
# name 10 = sal00: Salinity, Practical [PSU]
# name 11 = sigma-é00: Density [sigma-theta, kg/m^3]
# name 12 = depSM: Depth [salt water, m], lat = 24.0065
# name 13 = sbeox0ML/L: Oxygen, SBE 43 [ml/l], WS = 2
# name 14 = flag: flag
# span 0 =      1.006,    458.421       
# span 1 =     9.3672,    29.4147       
# span 2 =  37.826275,  59.651712       
# span 3 =     1.2632,     2.8373       
# span 4 = 6.8513e-02, 8.0922e-01       
# span 5 =      31.68,      99.15       
# span 6 =   24.00636,   24.00675       
# span 7 =  -97.08594,  -97.08472       
# span 8 =    35.3020,    36.7015       
# span 9 =  1022.6405,  1029.2369       
# span 10 =    35.1331,    36.5287      
# span 11 =    22.6359,    27.1711      
# span 12 =      1.000,    455.000      
# span 13 =     1.7862,     3.9501      
# span 14 = 0.0000e+00, 0.0000e+00      
# interval = meters: 1                  
# start_time = Sep 30 2016 05:52:30 [NMEA time, header]
# bad_flag = -9.990e-29
*END*
[from data line 290]
    293.071    13.3858  42.220112     1.3955 7.3260e-02      98.98   24.00638  -97.08564    35.8800  1028.1722    35.7096    26.8727    291.000     1.9174 0.0000e+00
    294.079    13.3728  42.205386     1.3916 7.3260e-02      98.98   24.00638  -97.08564    35.8778  1028.1778    35.7074    26.8737    292.000     1.9113 0.0000e+00
    295.087    13.3636  42.195331     1.3883 7.3260e-02      98.98   24.00638  -97.08564    35.8764  1028.1831    35.7060    26.8745    293.000     1.9066 0.0000e+00
    296.095    13.3465  42.175742     1.3860 7.3260e-02      98.99   24.00638  -97.08564    35.8735  1028.1889    35.7031    26.8758    294.000     1.9056 0.0000e+00
    297.102    13.3269  42.153335     1.3840 7.3260e-02      98.99   24.00638  -97.08564    35.8702  1028.1949    35.6998    26.8773    295.000     1.9056 0.0000e+00
    298.110    13.3145  42.139284     1.3828 7.3260e-02      98.99   24.00638  -97.08565    35.8680  1028.2003    35.6976    26.8781    296.000     1.9040 0.0000e+00
    299.118    13.2766  42.096580     1.3816 7.3260e-02      98.99   24.00638  -97.08566    35.8625  1028.2085    35.6922    26.8817    297.000     1.9018 0.0000e+00
    300.126    13.2253  42.038484     1.3797 7.3260e-02      98.98   24.00638  -97.08566    35.8551  1028.2180    35.6848    26.8864    298.000     1.8984 0.0000e+00
    301.134    13.1949  42.003977     1.3785 7.0467e-02      98.98   24.00638  -97.08566    35.8503  1028.2252    35.6800    26.8889    299.000     1.8987 0.0000e+00
    302.142    13.1442  41.947160     1.3769 7.3243e-02      98.99   24.00638  -97.08566    35.8434  1028.2349    35.6731    26.8939    300.000     1.8968 0.0000e+00
    303.150    13.1155  41.914478     1.3756 7.3260e-02      98.98   24.00638  -97.08566    35.8388  1028.2418    35.6685    26.8962    301.000     1.8969 0.0000e+00
    304.158    13.0927  41.887649     1.3748 7.3260e-02      98.98   24.00638  -97.08566    35.8342  1028.2476    35.6640    26.8973    302.000     1.8981 0.0000e+00
    305.165    13.0221  41.809116     1.3744 7.3260e-02      98.98   24.00638  -97.08566    35.8251  1028.2597    35.6549    26.9046    303.000     1.8986 0.0000e+00
    306.173    12.9873  41.769240     1.3727 7.3260e-02      98.98   24.00638  -97.08566    35.8193  1028.2669    35.6491    26.9072    304.000     1.8924 0.0000e+00
    307.181    12.9557  41.733653     1.3710 7.3260e-02      98.98   24.00638  -97.08566    35.8147  1028.2743    35.6445    26.9099    305.000     1.8896 0.0000e+00
    308.189    12.9459  41.722044     1.3694 7.3260e-02      98.98   24.00638  -97.08567    35.8123  1028.2790    35.6421    26.9101    306.000     1.8879 0.0000e+00
    309.197    12.9295  41.702957     1.3678 7.3260e-02      98.99   24.00638  -97.08568    35.8090  1028.2843    35.6389    26.9109    307.000     1.8847 0.0000e+00
    310.205    12.8985  41.667971     1.3667 7.3260e-02      98.99   24.00638  -97.08568    35.8043  1028.2916    35.6342    26.9135    308.000     1.8827 0.0000e+00
    311.213    12.8731  41.639194     1.3651 7.3260e-02      98.99   24.00638  -97.08568    35.8002  1028.2982    35.6301    26.9155    309.000     1.8819 0.0000e+00
    312.221    12.8077  41.566246     1.3644 7.3260e-02      98.99   24.00638  -97.08568    35.7915  1028.3094    35.6214    26.9218    310.000     1.8860 0.0000e+00
    313.229    12.7433  41.493619     1.3637 7.3260e-02      99.00   24.00638  -97.08568    35.7820  1028.3197    35.6119    26.9273    311.000     1.8862 0.0000e+00
    314.237    12.6873  41.430418     1.3627 7.3260e-02      99.00   24.00638  -97.08568    35.7736  1028.3292    35.6035    26.9320    312.000     1.8842 0.0000e+00
    315.245    12.6688  41.408790     1.3615 7.3260e-02      99.00   24.00638  -97.08568    35.7698  1028.3346    35.5998    26.9328    313.000     1.8820 0.0000e+00
    316.252    12.6493  41.386686     1.3604 7.3260e-02      98.99   24.00638  -97.08568    35.7664  1028.3404    35.5964    26.9340    314.000     1.8843 0.0000e+00
    317.260    12.6458  41.382312     1.3606 7.3260e-02      98.99   24.00638  -97.08568    35.7652  1028.3446    35.5951    26.9337    315.000     1.8878 0.0000e+00
    318.268    12.6451  41.381215     1.3602 7.3260e-02      98.99   24.00638  -97.08568    35.7644  1028.3486    35.5943    26.9333    316.000     1.8842 0.0000e+00
    319.276    12.6376  41.372873     1.3599 7.3260e-02      99.00   24.00638  -97.08569    35.7629  1028.3536    35.5929    26.9337    317.000     1.8856 0.0000e+00
    320.284    12.6284  41.362408     1.3595 7.3260e-02      99.00   24.00638  -97.08570    35.7611  1028.3584    35.5910    26.9341    318.000     1.8838 0.0000e+00
    321.292    12.6000  41.330241     1.3592 7.2037e-02      99.00   24.00638  -97.08570    35.7565  1028.3652    35.5865    26.9362    319.000     1.8874 0.0000e+00
    322.300    12.5500  41.274975     1.3595 7.3270e-02      99.00   24.00638  -97.08570    35.7500  1028.3748    35.5799    26.9410    320.000     1.8895 0.0000e+00
    323.308    12.4994  41.218823     1.3592 7.3260e-02      98.99   24.00638  -97.08570    35.7432  1028.3843    35.5732    26.9458    321.000     1.8898 0.0000e+00
    324.316    12.4491  41.163348     1.3588 7.3260e-02      98.99   24.00638  -97.08570    35.7367  1028.3940    35.5667    26.9506    322.000     1.8897 0.0000e+00
    325.324    12.4190  41.129568     1.3576 7.3260e-02      99.00   24.00638  -97.08570    35.7320  1028.4009    35.5621    26.9529    323.000     1.8799 0.0000e+00
    326.332    12.3977  41.104961     1.3538 7.3260e-02      99.00   24.00638  -97.08571    35.7279  1028.4066    35.5580    26.9540    324.000     1.8651 0.0000e+00
    327.340    12.3517  41.054083     1.3509 7.3260e-02      99.00   24.00638  -97.08572    35.7218  1028.4156    35.5518    26.9582    325.000     1.8637 0.0000e+00
    328.348    12.3012  40.998404     1.3485 7.1738e-02      98.99   24.00638  -97.08572    35.7152  1028.4252    35.5453    26.9630    326.000     1.8587 0.0000e+00
    329.356    12.2669  40.959852     1.3453 7.3254e-02      99.00   24.00637  -97.08572    35.7098  1028.4324    35.5400    26.9656    327.000     1.8512 0.0000e+00
    330.364    12.2557  40.947246     1.3425 7.3260e-02      98.99   24.00636  -97.08572    35.7077  1028.4375    35.5378    26.9661    328.000     1.8497 0.0000e+00
    331.372    12.2556  40.946987     1.3406 7.3260e-02      98.99   24.00636  -97.08572    35.7072  1028.4416    35.5373    26.9657    329.000     1.8492 0.0000e+00
    332.380    12.2269  40.914720     1.3396 7.3260e-02      98.99   24.00636  -97.08572    35.7026  1028.4483    35.5327    26.9678    330.000     1.8487 0.0000e+00
    333.388    12.1950  40.879225     1.3382 7.3260e-02      98.99   24.00636  -97.08572    35.6979  1028.4555    35.5280    26.9703    331.000     1.8455 0.0000e+00
    334.396    12.1791  40.861246     1.3369 7.3260e-02      98.99   24.00636  -97.08572    35.6950  1028.4609    35.5251    26.9712    332.000     1.8449 0.0000e+00
    335.404    12.1635  40.843484     1.3358 7.3260e-02      99.00   24.00636  -97.08572    35.6921  1028.4663    35.5222    26.9720    333.000     1.8443 0.0000e+00
    336.412    12.1429  40.821017     1.3351 7.3260e-02      98.99   24.00636  -97.08572    35.6893  1028.4728    35.5195    26.9738    334.000     1.8446 0.0000e+00
    337.420    12.1177  40.792338     1.3344 7.3260e-02      98.99   24.00636  -97.08573    35.6849  1028.4789    35.5151    26.9753    335.000     1.8440 0.0000e+00
    338.428    12.0969  40.768902     1.3340 7.3260e-02      99.00   24.00636  -97.08574    35.6814  1028.4848    35.5115    26.9766    336.000     1.8474 0.0000e+00
    339.436    12.0595  40.727373     1.3344 7.3260e-02      99.00   24.00636  -97.08574    35.6759  1028.4925    35.5061    26.9796    337.000     1.8546 0.0000e+00
    340.444    12.0026  40.665074     1.3353 7.3260e-02      99.00   24.00636  -97.08574    35.6688  1028.5027    35.4990    26.9850    338.000     1.8573 0.0000e+00
    341.453    11.9830  40.642719     1.3352 7.3260e-02      98.99   24.00636  -97.08574    35.6651  1028.5083    35.4954    26.9859    339.000     1.8540 0.0000e+00
    342.461    11.9352  40.590307     1.3346 7.3260e-02      98.99   24.00636  -97.08574    35.6589  1028.5174    35.4891    26.9902    340.000     1.8536 0.0000e+00
    343.469    11.9068  40.558725     1.3341 7.3260e-02      99.00   24.00636  -97.08574    35.6546  1028.5242    35.4848    26.9924    341.000     1.8542 0.0000e+00
    344.477    11.8952  40.545578     1.3335 7.7456e-02      99.00   24.00636  -97.08574    35.6523  1028.5292    35.4826    26.9928    342.000     1.8524 0.0000e+00
    345.485    11.8841  40.532865     1.3326 7.3257e-02      99.00   24.00636  -97.08574    35.6500  1028.5341    35.4802    26.9932    343.000     1.8479 0.0000e+00
    346.493    11.8670  40.513662     1.3308 7.3260e-02      99.00   24.00636  -97.08574    35.6470  1028.5397    35.4772    26.9941    344.000     1.8421 0.0000e+00
    347.501    11.8201  40.462485     1.3295 7.3260e-02      99.00   24.00636  -97.08574    35.6411  1028.5488    35.4714    26.9984    345.000     1.8429 0.0000e+00
    348.509    11.7532  40.389063     1.3282 7.3260e-02      98.99   24.00636  -97.08574    35.6323  1028.5596    35.4626    27.0043    346.000     1.8410 0.0000e+00
    349.517    11.7356  40.368617     1.3267 7.3260e-02      99.00   24.00636  -97.08575    35.6286  1028.5647    35.4589    27.0048    347.000     1.8419 0.0000e+00
    350.525    11.6979  40.327071     1.3259 7.3260e-02      99.00   24.00636  -97.08576    35.6232  1028.5724    35.4535    27.0078    348.000     1.8428 0.0000e+00
    351.533    11.6341  40.258311     1.3254 7.3260e-02      99.00   24.00636  -97.08576    35.6160  1028.5838    35.4463    27.0142    349.000     1.8446 0.0000e+00
    352.542    11.5916  40.210403     1.3244 7.3260e-02      99.00   24.00636  -97.08576    35.6089  1028.5911    35.4393    27.0167    350.000     1.8408 0.0000e+00
    353.550    11.5703  40.186378     1.3232 7.3260e-02      99.00   24.00636  -97.08576    35.6050  1028.5967    35.4354    27.0177    351.000     1.8415 0.0000e+00
    354.558    11.5556  40.169807     1.3228 7.3260e-02      99.00   24.00636  -97.08576    35.6023  1028.6019    35.4327    27.0183    352.000     1.8433 0.0000e+00
    355.566    11.5428  40.155196     1.3223 7.3260e-02      99.01   24.00636  -97.08576    35.5997  1028.6069    35.4301    27.0188    353.000     1.8426 0.0000e+00
    356.574    11.5198  40.129881     1.3221 7.3260e-02      99.00   24.00636  -97.08576    35.5963  1028.6133    35.4267    27.0204    354.000     1.8446 0.0000e+00
    357.582    11.5037  40.111762     1.3221 7.3260e-02      99.00   24.00636  -97.08576    35.5933  1028.6185    35.4237    27.0211    355.000     1.8470 0.0000e+00
    358.590    11.4709  40.075711     1.3218 7.3260e-02      99.00   24.00636  -97.08577    35.5886  1028.6257    35.4190    27.0236    356.000     1.8427 0.0000e+00
    359.599    11.4252  40.026026     1.3208 7.3260e-02      99.00   24.00636  -97.08578    35.5827  1028.6345    35.4131    27.0275    357.000     1.8425 0.0000e+00
    360.607    11.3865  39.983517     1.3200 7.3260e-02      99.01   24.00636  -97.08578    35.5772  1028.6422    35.4077    27.0305    358.000     1.8398 0.0000e+00
    361.615    11.3163  39.907553     1.3185 7.3260e-02      99.00   24.00636  -97.08578    35.5686  1028.6536    35.3991    27.0369    359.000     1.8371 0.0000e+00
    362.623    11.2742  39.860972     1.3166 7.3260e-02      99.00   24.00636  -97.08578    35.5623  1028.6613    35.3929    27.0398    360.000     1.8330 0.0000e+00
    363.631    11.2516  39.835727     1.3150 7.1998e-02      99.01   24.00636  -97.08578    35.5584  1028.6670    35.3890    27.0409    361.000     1.8315 0.0000e+00
    364.639    11.2352  39.817376     1.3132 7.3277e-02      99.01   24.00636  -97.08578    35.5554  1028.6724    35.3860    27.0416    362.000     1.8265 0.0000e+00
    365.648    11.1982  39.777524     1.3118 7.1729e-02      99.01   24.00636  -97.08578    35.5509  1028.6805    35.3815    27.0449    363.000     1.8270 0.0000e+00
    366.656    11.1942  39.773148     1.3109 7.3217e-02      99.01   24.00636  -97.08578    35.5499  1028.6850    35.3805    27.0449    364.000     1.8264 0.0000e+00
    367.664    11.1900  39.768761     1.3098 7.3260e-02      99.01   24.00636  -97.08578    35.5491  1028.6897    35.3797    27.0451    365.000     1.8254 0.0000e+00
    368.672    11.1835  39.761651     1.3092 7.3260e-02      99.01   24.00636  -97.08578    35.5478  1028.6944    35.3784    27.0453    366.000     1.8242 0.0000e+00
    369.680    11.1741  39.751427     1.3081 7.3260e-02      99.01   24.00636  -97.08578    35.5463  1028.6995    35.3769    27.0458    367.000     1.8207 0.0000e+00
    370.689    11.1533  39.728852     1.3074 7.3260e-02      99.02   24.00636  -97.08579    35.5433  1028.7056    35.3738    27.0473    368.000     1.8212 0.0000e+00
    371.697    11.1092  39.680941     1.3064 7.3260e-02      99.00   24.00636  -97.08580    35.5375  1028.7140    35.3681    27.0509    369.000     1.8201 0.0000e+00
    372.705    11.0767  39.645849     1.3058 7.1836e-02      99.01   24.00636  -97.08580    35.5332  1028.7214    35.3638    27.0535    370.000     1.8199 0.0000e+00
    373.713    11.0626  39.629693     1.3046 7.1953e-02      99.00   24.00636  -97.08580    35.5302  1028.7262    35.3608    27.0538    371.000     1.8178 0.0000e+00
    374.721    11.0029  39.564470     1.3038 7.3282e-02      99.01   24.00636  -97.08580    35.5220  1028.7357    35.3526    27.0582    372.000     1.8211 0.0000e+00
    375.730    10.9595  39.517122     1.3036 7.3260e-02      99.01   24.00636  -97.08580    35.5160  1028.7437    35.3466    27.0615    373.000     1.8246 0.0000e+00
    376.738    10.9389  39.494484     1.3036 7.3260e-02      99.01   24.00636  -97.08580    35.5127  1028.7496    35.3434    27.0626    374.000     1.8266 0.0000e+00
    377.746    10.9180  39.472030     1.3036 7.3260e-02      99.01   24.00636  -97.08580    35.5099  1028.7558    35.3406    27.0643    375.000     1.8278 0.0000e+00
    378.754    10.8768  39.428006     1.3037 7.3260e-02      99.01   24.00636  -97.08580    35.5050  1028.7643    35.3357    27.0679    376.000     1.8277 0.0000e+00
    379.763    10.8643  39.413889     1.3027 7.3260e-02      99.01   24.00636  -97.08580    35.5024  1028.7691    35.3331    27.0682    377.000     1.8214 0.0000e+00
    380.771    10.8418  39.390240     1.3016 7.3260e-02      99.01   24.00636  -97.08581    35.4999  1028.7760    35.3306    27.0703    378.000     1.8185 0.0000e+00
    381.779    10.8324  39.379884     1.3003 7.3260e-02      99.01   24.00636  -97.08582    35.4982  1028.7809    35.3289    27.0707    379.000     1.8139 0.0000e+00
    382.787    10.8000  39.345121     1.2988 7.3260e-02      99.01   24.00636  -97.08582    35.4940  1028.7882    35.3247    27.0732    380.000     1.8116 0.0000e+00
    383.796    10.7656  39.307867     1.2974 7.3260e-02      99.01   24.00636  -97.08582    35.4893  1028.7955    35.3200    27.0758    381.000     1.8124 0.0000e+00
    384.804    10.7394  39.279694     1.2964 7.3260e-02      99.02   24.00636  -97.08582    35.4858  1028.8022    35.3165    27.0778    382.000     1.8133 0.0000e+00
    385.812    10.7306  39.269560     1.2959 7.3260e-02      99.01   24.00636  -97.08582    35.4837  1028.8067    35.3144    27.0777    383.000     1.8123 0.0000e+00
    386.820    10.7179  39.255933     1.2950 7.3260e-02      99.01   24.00636  -97.08582    35.4818  1028.8121    35.3125    27.0785    384.000     1.8104 0.0000e+00
    387.829    10.6675  39.201514     1.2943 7.3260e-02      99.01   24.00636  -97.08582    35.4751  1028.8208    35.3059    27.0823    385.000     1.8106 0.0000e+00
