programas_en_desarrollo/Semestre-6/Computacion_y_analisis_de_datos_geofisicos/1.1Matlab/Bases de Datos/dln003.cnv
* Sea-Bird SBE 9 Data File:
* FileName = C:\sogom02\Datos\F3.hex
* Software Version Seasave V 7.25.0.151
* Temperature SN = 4914
* Conductivity SN = 4390
* Number of Bytes Per Scan = 31
* Number of Voltage Words = 4
* Number of Scans Averaged by the Deck Unit = 1
* NMEA Latitude = 24 00.39 N
* NMEA Longitude = 097 05.07 W
* NMEA UTC (Time) = Sep 30 2016  05:52:30
* NMEA baud rate = 4800
** B/O JUSTO SIERRA
** Estación: F3
** Lance: ln003
** Fecha y hora de arribo: 30/09/2016 05:43
** Latitud (ºN): 24 00.34
** Longitud (ºW): 97 05.02
** Prof. Ecosonda (m): 31
** Operador: rod
# nquan = 15
# nvalues = 455                         
# units = specified
# name 0 = prDM: Pressure, Digiquartz [db]
# name 1 = t090C: Temperature [ITS-90, deg C]
# name 2 = c0mS/cm: Conductivity [mS/cm]
# name 3 = sbeox0V: Oxygen raw, SBE 43 [V]
# name 4 = flSP: Fluorescence, Seapoint
# name 5 = altM: Altimeter [m]
# name 6 = latitude: Latitude [deg]
# name 7 = longitude: Longitude [deg]
# name 8 = gsw_saA0: Absolute Salinity [g/kg]
# name 9 = gsw_densityA0: density, TEOS-10 [density, kg/m^3]
# name 10 = sal00: Salinity, Practical [PSU]
# name 11 = sigma-é00: Density [sigma-theta, kg/m^3]
# name 12 = depSM: Depth [salt water, m], lat = 24.0065
# name 13 = sbeox0ML/L: Oxygen, SBE 43 [ml/l], WS = 2
# name 14 = flag: flag
# span 0 =      1.006,    458.421       
# span 1 =     9.3672,    29.4147       
# span 2 =  37.826275,  59.651712       
# span 3 =     1.2632,     2.8373       
# span 4 = 6.8513e-02, 8.0922e-01       
# span 5 =      31.68,      99.15       
# span 6 =   24.00636,   24.00675       
# span 7 =  -97.08594,  -97.08472       
# span 8 =    35.3020,    36.7015       
# span 9 =  1022.6405,  1029.2369       
# span 10 =    35.1331,    36.5287      
# span 11 =    22.6359,    27.1711      
# span 12 =      1.000,    455.000      
# span 13 =     1.7862,     3.9501      
# span 14 = 0.0000e+00, 0.0000e+00      
# interval = meters: 1                  
# start_time = Sep 30 2016 05:52:30 [NMEA time, header]
# bad_flag = -9.990e-29
*END*
[from data line 386]
    389.845    10.5941  39.121498     1.2935 7.3260e-02      99.01   24.00636  -97.08582    35.4644  1028.8352    35.2952    27.0871    387.000     1.8185 0.0000e+00
    390.854    10.5502  39.075035     1.2940 7.3260e-02      99.01   24.00636  -97.08582    35.4595  1028.8440    35.2903    27.0910    388.000     1.8228 0.0000e+00
    391.862    10.5296  39.052893     1.2940 7.3260e-02      99.01   24.00636  -97.08582    35.4567  1028.8501    35.2875    27.0925    389.000     1.8198 0.0000e+00
    392.870    10.5213  39.043635     1.2936 7.3260e-02      99.01   24.00636  -97.08582    35.4549  1028.8548    35.2857    27.0926    390.000     1.8169 0.0000e+00
    393.878    10.5020  39.023018     1.2926 7.3260e-02      99.01   24.00636  -97.08582    35.4522  1028.8608    35.2830    27.0939    391.000     1.8123 0.0000e+00
    394.887    10.4431  38.960663     1.2914 7.3260e-02      99.02   24.00636  -97.08582    35.4457  1028.8711    35.2765    27.0992    392.000     1.8113 0.0000e+00
    395.895    10.3964  38.910999     1.2901 7.3260e-02      99.01   24.00636  -97.08582    35.4401  1028.8798    35.2710    27.1031    393.000     1.8084 0.0000e+00
    396.903    10.3542  38.866344     1.2887 7.3260e-02      99.01   24.00636  -97.08583    35.4353  1028.8883    35.2662    27.1067    394.000     1.8075 0.0000e+00
    397.912    10.3422  38.852892     1.2875 7.3260e-02      99.01   24.00636  -97.08584    35.4329  1028.8932    35.2637    27.1070    395.000     1.8043 0.0000e+00
    398.920    10.3264  38.836082     1.2861 7.3260e-02      99.01   24.00636  -97.08584    35.4306  1028.8988    35.2615    27.1080    396.000     1.8023 0.0000e+00
    399.929    10.3191  38.828157     1.2853 7.3260e-02      99.01   24.00636  -97.08584    35.4292  1028.9035    35.2600    27.1081    397.000     1.8025 0.0000e+00
    400.937    10.3123  38.820853     1.2842 7.3260e-02      99.01   24.00636  -97.08584    35.4279  1028.9083    35.2588    27.1084    398.000     1.8017 0.0000e+00
    401.945    10.3107  38.819101     1.2838 7.3260e-02      99.02   24.00636  -97.08584    35.4272  1028.9126    35.2581    27.1081    399.000     1.8015 0.0000e+00
    402.954    10.3021  38.810086     1.2831 7.3260e-02      99.02   24.00636  -97.08584    35.4260  1028.9178    35.2569    27.1087    400.000     1.8007 0.0000e+00
    403.962    10.2979  38.805784     1.2827 7.3260e-02      99.01   24.00636  -97.08584    35.4253  1028.9224    35.2561    27.1089    401.000     1.8009 0.0000e+00
    404.970    10.2789  38.786074     1.2823 7.3260e-02      99.01   24.00636  -97.08584    35.4231  1028.9288    35.2540    27.1105    402.000     1.7997 0.0000e+00
    405.979    10.2680  38.774615     1.2817 7.3260e-02      99.02   24.00636  -97.08584    35.4217  1028.9341    35.2525    27.1113    403.000     1.7997 0.0000e+00
    406.987    10.2481  38.753635     1.2813 7.3260e-02      99.02   24.00636  -97.08584    35.4191  1028.9403    35.2500    27.1128    404.000     1.7991 0.0000e+00
    407.995    10.2341  38.738611     1.2806 7.3260e-02      99.01   24.00636  -97.08584    35.4170  1028.9457    35.2479    27.1135    405.000     1.7980 0.0000e+00
    409.004    10.2263  38.730246     1.2801 7.3260e-02      99.01   24.00636  -97.08584    35.4156  1028.9506    35.2465    27.1139    406.000     1.7969 0.0000e+00
    410.012    10.2134  38.716426     1.2794 7.3260e-02      99.01   24.00636  -97.08584    35.4136  1028.9559    35.2445    27.1146    407.000     1.7952 0.0000e+00
    411.021    10.1669  38.667163     1.2789 7.3260e-02      99.02   24.00636  -97.08584    35.4081  1028.9645    35.2390    27.1183    408.000     1.7970 0.0000e+00
    412.029    10.0908  38.587949     1.2782 7.3260e-02      99.02   24.00636  -97.08584    35.4008  1028.9772    35.2317    27.1258    409.000     1.7970 0.0000e+00
    413.037    10.0846  38.580640     1.2776 7.3260e-02      99.01   24.00636  -97.08584    35.3989  1028.9813    35.2298    27.1253    410.000     1.7981 0.0000e+00
    414.046    10.0818  38.577392     1.2772 7.3260e-02      99.01   24.00636  -97.08584    35.3978  1028.9855    35.2288    27.1251    411.000     1.7974 0.0000e+00
    415.054    10.0776  38.572827     1.2769 7.3260e-02      99.01   24.00636  -97.08584    35.3969  1028.9901    35.2278    27.1250    412.000     1.7992 0.0000e+00
    416.063    10.0738  38.568838     1.2768 7.3260e-02      99.02   24.00636  -97.08584    35.3960  1028.9946    35.2270    27.1250    413.000     1.7998 0.0000e+00
    417.071    10.0696  38.564369     1.2767 7.1669e-02      99.02   24.00636  -97.08584    35.3951  1028.9992    35.2260    27.1251    414.000     1.7998 0.0000e+00
    418.080    10.0637  38.558253     1.2767 7.3287e-02      99.02   24.00636  -97.08584    35.3941  1029.0040    35.2250    27.1253    415.000     1.7997 0.0000e+00
    419.088    10.0561  38.550405     1.2764 7.3260e-02      99.01   24.00636  -97.08584    35.3930  1029.0090    35.2239    27.1258    416.000     1.7966 0.0000e+00
    420.097    10.0493  38.543344     1.2757 7.3260e-02      99.01   24.00636  -97.08586    35.3920  1029.0140    35.2229    27.1262    417.000     1.7963 0.0000e+00
    421.105    10.0428  38.536916     1.2755 7.3260e-02      99.02   24.00636  -97.08586    35.3913  1029.0192    35.2222    27.1268    418.000     1.7976 0.0000e+00
    422.113    10.0340  38.527834     1.2753 7.3260e-02      99.01   24.00636  -97.08586    35.3902  1029.0244    35.2211    27.1274    419.000     1.7981 0.0000e+00
    423.122    10.0223  38.515787     1.2750 7.3260e-02      99.02   24.00636  -97.08586    35.3887  1029.0299    35.2196    27.1283    420.000     1.7955 0.0000e+00
    424.130    10.0207  38.514153     1.2745 7.3260e-02      99.02   24.00636  -97.08586    35.3882  1029.0343    35.2191    27.1281    421.000     1.7951 0.0000e+00
    425.139    10.0068  38.499754     1.2741 7.1489e-02      99.01   24.00636  -97.08586    35.3865  1029.0400    35.2175    27.1293    422.000     1.7937 0.0000e+00
    426.147     9.9957  38.488404     1.2733 7.3268e-02      99.02   24.00636  -97.08586    35.3853  1029.0456    35.2162    27.1302    423.000     1.7905 0.0000e+00
    427.156     9.9950  38.487795     1.2727 7.3260e-02      99.01   24.00636  -97.08586    35.3848  1029.0499    35.2157    27.1300    424.000     1.7907 0.0000e+00
    428.164     9.9818  38.474118     1.2721 7.3260e-02      99.02   24.00636  -97.08586    35.3832  1029.0555    35.2141    27.1310    425.000     1.7894 0.0000e+00
    429.173     9.9616  38.453114     1.2713 7.1662e-02      99.02   24.00636  -97.08586    35.3809  1029.0619    35.2118    27.1327    426.000     1.7877 0.0000e+00
    430.181     9.9411  38.431642     1.2707 7.3259e-02      99.02   24.00636  -97.08586    35.3785  1029.0682    35.2094    27.1343    427.000     1.7891 0.0000e+00
    431.190     9.9310  38.421105     1.2704 7.3260e-02      99.02   24.00636  -97.08586    35.3770  1029.0734    35.2080    27.1349    428.000     1.7879 0.0000e+00
    432.198     9.9111  38.400269     1.2695 7.3260e-02      99.02   24.00636  -97.08586    35.3747  1029.0796    35.2056    27.1364    429.000     1.7862 0.0000e+00
    433.207     9.8752  38.362956     1.2691 7.3260e-02      99.02   24.00636  -97.08586    35.3708  1029.0876    35.2017    27.1396    430.000     1.7872 0.0000e+00
    434.215     9.8421  38.328154     1.2685 7.3260e-02      99.02   24.00636  -97.08586    35.3669  1029.0950    35.1978    27.1421    431.000     1.7871 0.0000e+00
    435.224     9.8252  38.310042     1.2680 7.3260e-02      99.02   24.00636  -97.08586    35.3644  1029.1005    35.1953    27.1430    432.000     1.7877 0.0000e+00
    436.232     9.8113  38.295302     1.2675 7.3260e-02      99.02   24.00636  -97.08586    35.3623  1029.1059    35.1932    27.1438    433.000     1.7884 0.0000e+00
    437.241     9.8011  38.284758     1.2673 7.3260e-02      99.02   24.00636  -97.08586    35.3610  1029.1112    35.1919    27.1445    434.000     1.7910 0.0000e+00
    438.249     9.7819  38.264718     1.2675 7.3260e-02      99.02   24.00636  -97.08586    35.3587  1029.1174    35.1896    27.1460    435.000     1.7907 0.0000e+00
    439.258     9.7618  38.243552     1.2669 7.3260e-02      99.02   24.00636  -97.08586    35.3560  1029.1234    35.1870    27.1473    436.000     1.7896 0.0000e+00
    440.266     9.7441  38.225076     1.2669 7.3260e-02      99.01   24.00636  -97.08586    35.3538  1029.1294    35.1848    27.1486    437.000     1.7928 0.0000e+00
    441.275     9.7245  38.204644     1.2669 7.1735e-02      99.02   24.00636  -97.08586    35.3515  1029.1356    35.1825    27.1501    438.000     1.7940 0.0000e+00
    442.283     9.7133  38.193137     1.2669 7.3238e-02      99.02   24.00636  -97.08587    35.3501  1029.1410    35.1810    27.1509    439.000     1.7938 0.0000e+00
    443.292     9.7117  38.191412     1.2666 7.6476e-02      99.02   24.00636  -97.08588    35.3494  1029.1453    35.1804    27.1506    440.000     1.7909 0.0000e+00
    444.301     9.7110  38.190733     1.2661 7.3235e-02      99.02   24.00636  -97.08588    35.3490  1029.1496    35.1799    27.1504    441.000     1.7886 0.0000e+00
    445.309     9.6869  38.165757     1.2655 7.3260e-02      99.02   24.00636  -97.08588    35.3463  1029.1563    35.1773    27.1524    442.000     1.7868 0.0000e+00
    446.318     9.6680  38.146080     1.2646 7.3260e-02      99.02   24.00636  -97.08588    35.3440  1029.1624    35.1750    27.1538    443.000     1.7871 0.0000e+00
    447.326     9.6553  38.132493     1.2644 7.3260e-02      99.02   24.00636  -97.08588    35.3420  1029.1676    35.1730    27.1544    444.000     1.7906 0.0000e+00
    448.335     9.6490  38.126123     1.2642 7.3260e-02      67.76   24.00638  -97.08588    35.3411  1029.1726    35.1721    27.1547    445.000     1.7895 0.0000e+00
    449.343     9.6419  38.118903     1.2640 7.3260e-02      48.02   24.00636  -97.08588    35.3401  1029.1776    35.1711    27.1552    446.000     1.7890 0.0000e+00
    450.352     9.6216  38.097750     1.2634 7.3260e-02      65.86   24.00638  -97.08588    35.3377  1029.1838    35.1687    27.1567    447.000     1.7884 0.0000e+00
    451.361     9.6002  38.075427     1.2633 7.3260e-02      41.91   24.00636  -97.08588    35.3351  1029.1901    35.1661    27.1582    448.000     1.7909 0.0000e+00
    452.369     9.5632  38.036597     1.2632 7.3260e-02      57.91   24.00638  -97.08588    35.3308  1029.1978    35.1618    27.1610    449.000     1.7937 0.0000e+00
    453.378     9.5429  38.015102     1.2635 7.3260e-02      49.83   24.00638  -97.08588    35.3280  1029.2037    35.1590    27.1622    450.000     1.7959 0.0000e+00
    454.386     9.5179  37.989158     1.2633 7.3260e-02      38.46   24.00638  -97.08588    35.3251  1029.2103    35.1561    27.1641    451.000     1.7948 0.0000e+00
    455.395     9.5079  37.976789     1.2646 7.3212e-02      36.52   24.00638  -97.08589    35.3216  1029.2140    35.1527    27.1631    452.000     1.8004 0.0000e+00
    456.404     9.4723  37.938701     1.2648 7.3217e-02      34.93   24.00638  -97.08591    35.3166  1029.2208    35.1476    27.1651    453.000     1.8027 0.0000e+00
    457.412     9.4113  37.873332     1.2661 7.3190e-02      33.37   24.00640  -97.08593    35.3081  1029.2294    35.1392    27.1686    454.000     1.8093 0.0000e+00
    458.421     9.3672  37.826275     1.2669 7.3184e-02      31.68   24.00640  -97.08594    35.3020  1029.2369    35.1331    27.1711    455.000     1.8138 0.0000e+00
